# T, M, E, X, C, U, Mabs, Xabs_arr
2.000000000000000000e+00 8.474687499999999929e-01 -1.567499999999999893e+00 2.200262187500001687e-01 7.903500000000107661e-01 -1.028440967064027973e+03 8.474687499999999929e-01 2.200262187500001687e-01
2.111111111111111160e+00 9.301874999999999449e-01 -1.758874999999999966e+00 6.842498684210826521e-02 3.209617146814370270e-01 -1.195661697019637586e+03 9.301874999999999449e-01 6.842498684210826521e-02
2.222222222222222321e+00 8.518750000000000488e-01 -1.548875000000000002e+00 1.553737499999972016e-01 5.316878474999999771e-01 -1.024600252193334200e+03 8.518750000000000488e-01 1.553737499999972016e-01
2.333333333333333481e+00 5.559062500000000462e-01 -1.197624999999999940e+00 3.249771160714282625e-01 4.080194081632659286e-01 -4.987318165079539085e+02 5.559062500000000462e-01 3.249771160714282625e-01
2.444444444444444642e+00 6.629062500000000302e-01 -1.323562499999999975e+00 2.565417017045443226e-01 3.147816895661147973e-01 -6.602840055794069940e+02 6.629062500000000302e-01 2.565417017045443226e-01
2.555555555555555358e+00 7.469999999999999973e-01 -1.321687499999999904e+00 1.290517826086961528e-01 2.606619428166375707e-01 -7.952357502800522298e+02 7.469999999999999973e-01 1.290517826086961528e-01
2.666666666666666519e+00 6.487187500000000107e-01 -1.283125000000000071e+00 2.554902890624997092e-01 4.527808593749997890e-01 -6.483639871717398364e+02 6.487187500000000107e-01 2.554902890624997092e-01
2.777777777777777679e+00 7.795625000000000471e-01 -1.340312500000000018e+00 2.709243899999990157e-01 6.459579899999987607e-01 -9.066502843882814204e+02 7.795625000000000471e-01 2.709243899999990157e-01
2.888888888888888840e+00 6.704062499999999813e-01 -1.229375000000000107e+00 2.396204783653854420e-01 3.150462647928968241e-01 -6.825195771192308030e+02 6.704062499999999813e-01 2.396204783653854420e-01
3.000000000000000000e+00 2.835937499999999778e-01 -7.133125000000000160e-01 3.767786458333335919e-01 2.209564166666666551e-01 -2.041361628551421745e+02 2.835937499999999778e-01 3.767786458333335919e-01
