# T, M, E, X, C, U, Mabs, Xabs_arr
1.000000000000000000e+00 -9.993821999999999983e-01 -1.997563999999999895e+00 1.299832316007609734e-03 1.982899040007168878e-02 -3.328428806374393844e+03 9.993821999999999983e-01 1.299832316007609734e-03
1.081632653061224580e+00 -9.989432000000000311e-01 -1.995916400000000035e+00 2.202889649503930649e-03 2.854567713449955232e-02 -3.325680641861374625e+03 9.989432000000000311e-01 2.202889649503930649e-03
1.163265306122448939e+00 -9.975370000000000070e-01 -1.990436400000000106e+00 4.559719156134178775e-03 5.580027127272869925e-02 -3.316800760490826633e+03 9.975370000000000070e-01 4.559719156134178775e-03
1.244897959183673519e+00 -9.965996000000000299e-01 -1.986820000000000030e+00 6.031440511738535987e-03 6.948224282719903111e-02 -3.310929845591303092e+03 9.965996000000000299e-01 6.031440511738535987e-03
1.326530612244897878e+00 -9.942233999999999794e-01 -1.977819599999999900e+00 1.013130727624076723e-02 1.057761746715580042e-01 -3.296125813056503375e+03 9.942233999999999794e-01 1.013130727624076723e-02
1.408163265306122458e+00 -9.916553999999999647e-01 -1.968839199999999900e+00 1.570241578429223961e-02 1.430411279270963065e-01 -3.280528948413841590e+03 9.916553999999999647e-01 1.570241578429223961e-02
1.489795918367347038e+00 -9.873471999999999804e-01 -1.953756000000000048e+00 2.544312596691007677e-02 1.987952516056486207e-01 -3.254611986012655052e+03 9.873471999999999804e-01 2.544312596691007677e-02
1.571428571428571397e+00 -9.822564000000000295e-01 -1.936260000000000092e+00 3.279084193889952176e-02 2.382555104132097479e-01 -3.223442496124935133e+03 9.822564000000000295e-01 3.279084193889952176e-02
1.653061224489795755e+00 -9.761577999999999644e-01 -1.918695199999999934e+00 5.391557710968363643e-02 2.865183634537713520e-01 -3.189454547228293904e+03 9.761577999999999644e-01 5.391557710968363643e-02
1.734693877551020336e+00 -9.670332000000000372e-01 -1.886472399999999938e+00 6.679023387087468233e-02 3.630355878728570573e-01 -3.134691032922590239e+03 9.670332000000000372e-01 6.679023387087468233e-02
1.816326530612244916e+00 -9.627660000000000107e-01 -1.869917999999999969e+00 6.729171343370074498e-02 3.819067785339862464e-01 -3.108400469092142885e+03 9.627660000000000107e-01 6.729171343370074498e-02
1.897959183673469274e+00 -9.454588000000000436e-01 -1.827080000000000037e+00 1.240849393821911728e-01 4.695737941681121241e-01 -3.015793525254621272e+03 9.454588000000000436e-01 1.240849393821911728e-01
1.979591836734693855e+00 -9.199437999999999782e-01 -1.757911199999999896e+00 2.350133373571594575e-01 6.729709519806463813e-01 -2.889361566995777594e+03 9.199437999999999782e-01 2.350133373571594575e-01
2.061224489795918213e+00 -8.935707999999999984e-01 -1.704142800000000069e+00 3.847674732481585202e-01 7.409039553846793469e-01 -2.775959684303584709e+03 8.935707999999999984e-01 3.847674732481585202e-01
2.142857142857142794e+00 -8.601619999999999822e-01 -1.630586000000000091e+00 5.105757886133318602e-01 8.499270958204330206e-01 -2.625810617862739491e+03 8.601619999999999822e-01 5.105757886133318602e-01
2.224489795918366930e+00 -2.438808000000000087e-01 -1.433422399999999985e+00 2.121149596896939826e+01 1.382562755146484523e+00 -2.337843951519317216e+03 7.150739999999999874e-01 3.236057437354132649e+00
2.306122448979591510e+00 7.131336000000000341e-01 -1.433062400000000070e+00 2.459927510620317115e+00 1.268095600005339385e+00 -2.289270585745584867e+03 6.777459999999999596e-01 2.339756353695577218e+00
2.387755102040816091e+00 -2.498617999999999950e-01 -1.263486799999999910e+00 1.424441646507456838e+01 1.438867684827604521e+00 -2.082382437264321197e+03 5.655873999999999624e-01 3.461979534274157722e+00
2.469387755102040671e+00 -3.781849999999999934e-01 -1.145889600000000064e+00 4.982897218987602628e+00 1.102495391496670418e+00 -1.822975215212147305e+03 4.264589999999999770e-01 3.409900658372728266e+00
2.551020408163265252e+00 -3.544401999999999830e-01 -1.073030399999999940e+00 4.458385525259232374e+00 1.015462861764431679e+00 -1.650428403557041975e+03 4.057397999999999838e-01 2.929705872081632467e+00
2.632653061224489832e+00 -3.666807999999999734e-01 -1.091337599999999908e+00 5.908527834617550489e+00 9.171684782513229717e-01 -1.613307505026588387e+03 4.781424000000000230e-01 2.331704630069579398e+00
2.714285714285714413e+00 -2.866098000000000257e-01 -9.698132000000000419e-01 3.404798620040630830e+00 5.502751186100377501e-01 -1.088987132546606063e+03 3.669053999999999927e-01 1.471531432399368455e+00
2.795918367346938549e+00 -3.792100000000000332e-02 -9.033255999999999508e-01 4.516576278971533576e+00 5.386195368507691317e-01 -1.028938481176952337e+03 2.909361999999999782e-01 1.540599898502511778e+00
2.877551020408163129e+00 -1.682094000000000089e-01 -8.958376000000000117e-01 4.441141263709475595e+00 6.578647059675172271e-01 -1.281342555803158120e+03 3.165905999999999998e-01 1.941265318858411693e+00
2.959183673469387710e+00 9.965200000000000446e-02 -8.514859999999999651e-01 4.458617695106206646e+00 4.629714495381885841e-01 -9.587711548513050275e+02 3.207336000000000076e-01 1.317902845324799399e+00
3.040816326530612290e+00 2.110959999999999920e-02 -8.358008000000000104e-01 3.973303607116885683e+00 3.774894001404596189e-01 -8.449303318113959449e+02 2.939903999999999851e-01 1.145617523949101102e+00
3.122448979591836427e+00 -8.212519999999999543e-02 -7.654815999999999843e-01 2.172629624001987114e+00 3.308226610428358083e-01 -7.079008289020761140e+02 2.139459999999999973e-01 9.227023170692811860e-01
3.204081632653061007e+00 -7.456119999999999415e-02 -7.254367999999999927e-01 2.264478242849325085e+00 2.886626110553363600e-01 -5.900465221169006327e+02 2.313068000000000068e-01 7.681535958052483348e-01
3.285714285714285587e+00 3.890999999999999927e-03 -7.044620000000000326e-01 2.022551760143478372e+00 3.025000508967859436e-01 -5.575440838850223599e+02 2.124313999999999925e-01 6.495790698186090228e-01
3.367346938775510168e+00 -4.292800000000000088e-02 -6.878123999999999905e-01 1.520578299384242493e+00 2.642273505284931656e-01 -4.388907660200072769e+02 1.885340000000000071e-01 5.197234250642424058e-01
3.448979591836734304e+00 8.250440000000000551e-02 -6.641983999999999666e-01 1.697737154468260456e+00 2.663871160788962023e-01 -5.754316445370519659e+02 2.059931999999999874e-01 6.647875101386035990e-01
3.530612244897958885e+00 -4.019280000000000075e-02 -6.510776000000000341e-01 1.496043381838058073e+00 2.203761229662003773e-01 -5.493847007709312038e+02 1.857804000000000122e-01 5.642249444024046712e-01
3.612244897959183465e+00 -7.512919999999999321e-02 -6.240320000000000311e-01 1.383401090429740021e+00 2.266876225011207613e-01 -5.044383892817478454e+02 1.890247999999999928e-01 5.505124250073671899e-01
3.693877551020408045e+00 4.019380000000000175e-02 -6.166732000000000324e-01 1.382971193169304058e+00 2.027944388774025331e-01 -4.273883947323966481e+02 1.897681999999999980e-01 4.517971708117349272e-01
3.775510204081632626e+00 7.361600000000000261e-03 -6.007848000000000077e-01 1.243235597527870384e+00 1.769721579827405189e-01 -3.861135554445216940e+02 1.770056000000000129e-01 4.148233410072215688e-01
3.857142857142856762e+00 -5.803540000000000088e-02 -5.838052000000000241e-01 1.049390853436592774e+00 1.904888809595388088e-01 -4.295513603054959049e+02 1.679741999999999902e-01 4.052035590389629349e-01
3.938775510204081343e+00 9.123799999999999619e-03 -5.820279999999999898e-01 1.293917059795046898e+00 1.904776179913983680e-01 -4.308701706604059609e+02 1.854021999999999892e-01 4.233233448304871693e-01
4.020408163265305923e+00 4.854699999999999988e-02 -5.436547999999999936e-01 1.073353725258375801e+00 1.752694886524799600e-01 -4.213126304603039785e+02 1.687841999999999953e-01 4.233875054251980408e-01
4.102040816326530503e+00 -1.952380000000000088e-02 -5.348699999999999566e-01 9.944344061912637756e-01 1.516229812210094785e-01 -3.483967659222907969e+02 1.667833999999999983e-01 3.256082053420695788e-01
4.183673469387754196e+00 -4.014000000000000207e-02 -5.217948000000000031e-01 7.317834105365855768e-01 1.471773560923189672e-01 -3.088060303386191663e+02 1.427736000000000005e-01 2.830609804921756512e-01
4.265306122448979664e+00 -2.842400000000000135e-03 -5.192527999999999588e-01 8.980007451434257604e-01 1.450249165698501153e-01 -4.047217146047112806e+02 1.523435999999999957e-01 3.540657365612248642e-01
4.346938775510203357e+00 -3.200580000000000092e-02 -5.344008000000000091e-01 1.013685700258986078e+00 1.408929226022689885e-01 -3.914590233625885958e+02 1.730646000000000129e-01 3.482292484108732156e-01
4.428571428571428825e+00 -4.435800000000000159e-03 -4.860476000000000241e-01 8.215535927371612201e-01 1.267333273858230192e-01 -3.393049723000887070e+02 1.526125999999999872e-01 2.960809943505806618e-01
4.510204081632652517e+00 3.590879999999999767e-02 -4.896436000000000122e-01 8.641494126902444783e-01 1.284440317738681225e-01 -3.371745341734612111e+02 1.638083999999999929e-01 2.977947748337376743e-01
4.591836734693877098e+00 -9.522799999999999668e-03 -4.699439999999999729e-01 7.148889252123733495e-01 1.224666266043734492e-01 -3.010309709464291359e+02 1.460352000000000039e-01 2.524248363053511190e-01
4.673469387755101678e+00 -5.805199999999999944e-03 -4.627388000000000057e-01 6.605620170284017822e-01 1.196403496613691053e-01 -3.156938109591206398e+02 1.393876000000000004e-01 2.455554966575371756e-01
4.755102040816326259e+00 4.547999999999999959e-04 -4.633947999999999956e-01 6.979314612407897522e-01 1.168929135744569275e-01 -3.065477148666548715e+02 1.478163999999999867e-01 2.384359324725150997e-01
4.836734693877550839e+00 1.417640000000000046e-02 -4.324296000000000251e-01 5.209047689742447584e-01 9.264091104035993007e-02 -2.449890940290591459e+02 1.281312000000000006e-01 1.856241484141096798e-01
4.918367346938775420e+00 -8.600000000000000670e-06 -4.379596000000000044e-01 5.245549611518506294e-01 1.026475836152679760e-01 -2.283499010705875776e+02 1.296001999999999987e-01 1.830552198498091032e-01
5.000000000000000000e+00 -9.519400000000000778e-03 -4.264575999999999922e-01 5.120160204727999265e-01 9.848049360895999582e-02 -2.539909058614380513e+02 1.254793999999999909e-01 1.989268035127999545e-01
