# T, M, E, X, C, U, Mabs, Xabs_arr
1.000000000000000000e+00 9.991122222222221794e-01 -1.996746944444444338e+00 2.568728711111134544e-03 3.045502754446260951e-02 -6.899336875436187256e+03 9.991122222222221794e-01 2.568728711111134544e-03
1.081632653061224580e+00 9.980751388888888798e-01 -1.992562222222222124e+00 4.646340557195357233e-03 6.147614027705932543e-02 -6.885602290302298570e+03 9.980751388888888798e-01 4.646340557195357233e-03
1.163265306122448939e+00 9.983269444444444751e-01 -1.993418611111111183e+00 3.248742705450200635e-03 4.236701872082844489e-02 -6.888785721683120755e+03 9.983269444444444751e-01 3.248742705450200635e-03
1.244897959183673519e+00 9.965456944444444076e-01 -1.986793611111111080e+00 6.691609043319531394e-03 7.315176543213333660e-02 -6.865296980806792817e+03 9.965456944444444076e-01 6.691609043319531394e-03
1.326530612244897878e+00 9.947788888888888792e-01 -1.980079722222222172e+00 8.921856207863444049e-03 9.178636649584187568e-02 -6.841813851314372187e+03 9.947788888888888792e-01 8.921856207863444049e-03
1.408163265306122458e+00 9.912679166666666930e-01 -1.967153055555555641e+00 1.636043198836426016e-02 1.469282337314363751e-01 -6.796231347823286342e+03 9.912679166666666930e-01 1.636043198836426016e-02
1.489795918367347038e+00 9.870012500000000522e-01 -1.952327499999999993e+00 2.271121047301279117e-02 1.826921273409121693e-01 -6.740448801167359306e+03 9.870012500000000522e-01 2.271121047301279117e-02
1.571428571428571397e+00 9.843140277777777669e-01 -1.941599166666666765e+00 2.448600402854078303e-02 1.955805570797802262e-01 -6.704946675832697110e+03 9.843140277777777669e-01 2.448600402854078303e-02
1.653061224489795755e+00 9.800022222222222190e-01 -1.927240000000000064e+00 3.112005416514483300e-02 2.136846163381384556e-01 -6.649412065083275593e+03 9.800022222222222190e-01 3.112005416514483300e-02
1.734693877551020336e+00 9.681405555555555598e-01 -1.888951388888888916e+00 5.371448128573674818e-02 3.150135977691302380e-01 -6.499519562803065128e+03 9.681405555555555598e-01 5.371448128573674818e-02
1.816326530612244916e+00 9.542263888888888879e-01 -1.847381388888888809e+00 8.843034144506885241e-02 4.298354529900451082e-01 -6.330245529622035974e+03 9.542263888888888879e-01 8.843034144506885241e-02
1.897959183673469274e+00 9.455997222222222165e-01 -1.821273888888888859e+00 1.182109060013001589e-01 4.761396496373449527e-01 -6.230674097016667474e+03 9.455997222222222165e-01 1.182109060013001589e-01
1.979591836734693855e+00 9.162759722222222347e-01 -1.749468055555555512e+00 2.487232521339978741e-01 6.955656618282300974e-01 -5.913796557164450860e+03 9.162759722222222347e-01 2.487232521339978741e-01
2.061224489795918213e+00 8.855316666666667169e-01 -1.704417222222222250e+00 6.438992355991087768e-01 8.713814425566047683e-01 -5.694553851574118198e+03 8.855316666666667169e-01 6.438992355991087768e-01
2.142857142857142794e+00 8.965679166666666866e-01 -1.683402499999999913e+00 2.288974417320361054e-01 7.208845107136396813e-01 -5.667937747484054853e+03 8.965679166666666866e-01 2.288974417320361054e-01
2.224489795918366930e+00 -8.233895833333333414e-01 -1.571497222222222323e+00 9.388103502236182507e-01 1.069753937610844252e+00 -5.121219947341899569e+03 8.233895833333333414e-01 9.388103502236182507e-01
2.306122448979591510e+00 8.019556944444444779e-01 -1.508881111111111117e+00 1.022642894948647019e+00 1.076761808642117790e+00 -4.911375322754631270e+03 8.019556944444444779e-01 1.022642894948647019e+00
2.387755102040816091e+00 5.282865277777777369e-01 -1.262843055555555649e+00 4.668498130083549746e+00 1.736519727019070647e+00 -4.126126777252495231e+03 5.302973611111111429e-01 4.540125019036820753e+00
2.469387755102040671e+00 -2.375022222222222257e-01 -1.135548055555555491e+00 1.181888648088741967e+01 1.334726067968696306e+00 -3.657652597660417996e+03 4.184958333333333447e-01 4.895174412394399432e+00
2.551020408163265252e+00 6.071527777777778120e-03 -1.113907222222222160e+00 1.495957444977722339e+01 8.139983948951108683e-01 -2.857681633574062744e+03 4.681829166666666708e-01 2.588522215031979545e+00
2.632653061224489832e+00 -2.700545833333333201e-01 -1.007630833333333253e+00 5.289023241085250682e+00 7.161315978779065894e-01 -2.152549919868161851e+03 3.659634722222221970e-01 1.952476860368626665e+00
2.714285714285714413e+00 -2.488181944444444460e-01 -9.761391666666666689e-01 4.204729602110087505e+00 5.092489944029213733e-01 -1.748752039461998720e+03 3.293973611111111199e-01 1.732894620987279977e+00
2.795918367346938549e+00 -2.653749999999999859e-02 -8.818091666666666439e-01 4.862545058797649311e+00 5.020202487004192804e-01 -1.457790743418762986e+03 2.576483333333333126e-01 1.479866481212976925e+00
2.877551020408163129e+00 1.492194444444444427e-02 -8.561999999999999611e-01 4.266266933247518267e+00 4.310418469100052441e-01 -1.446242265018827538e+03 2.387463888888888830e-01 1.424992194225295661e+00
2.959183673469387710e+00 -2.926208333333333439e-02 -8.346530555555555786e-01 4.107559691829865578e+00 4.286083220111502889e-01 -1.324872136678658762e+03 2.394129166666666697e-01 1.359988564733314309e+00
3.040816326530612290e+00 7.332291666666666818e-02 -7.819719444444444001e-01 2.403240164511092569e+00 3.707038545800246387e-01 -1.032122132649893501e+03 1.882806944444444519e-01 9.490945453689599010e-01
3.122448979591836427e+00 -3.580624999999999780e-02 -7.612036111111111225e-01 2.536747331459241472e+00 3.395957792185874680e-01 -1.215524128729249242e+03 1.885009722222222295e-01 9.171935239360748193e-01
3.204081632653061007e+00 1.246123611111111112e-01 -7.502569444444444624e-01 2.353205849356529100e+00 3.541773385191978041e-01 -9.548301121423065752e+02 2.222112499999999990e-01 8.319143134145613461e-01
3.285714285714285587e+00 -1.076168055555555558e-01 -6.994086111111110782e-01 1.693743100607850494e+00 2.992506750806769866e-01 -8.756868737097635176e+02 1.830945833333333383e-01 7.321001612648551093e-01
3.367346938775510168e+00 -5.417444444444444174e-02 -6.869388888888888767e-01 1.708301284955151544e+00 2.699978464073463091e-01 -7.355287922021386748e+02 1.696108333333333218e-01 6.035897911616837641e-01
3.448979591836734304e+00 -2.079444444444444526e-02 -6.720602777777777703e-01 1.923777468086785403e+00 2.762593408830653074e-01 -8.129480590057711424e+02 1.741036111111111118e-01 6.762575257777121429e-01
3.530612244897958885e+00 5.649722222222222645e-03 -6.722911111111110616e-01 1.692716723113102173e+00 2.620005921454470199e-01 -7.856445237934453871e+02 1.651150000000000118e-01 5.820679051763648637e-01
3.612244897959183465e+00 2.389430555555555405e-02 -6.212377777777777776e-01 1.430697787844805502e+00 2.078493946729028097e-01 -7.303896141900233943e+02 1.553687499999999999e-01 4.911530925576743645e-01
3.693877551020408045e+00 -1.892986111111111258e-02 -5.997483333333333277e-01 1.158341179800107534e+00 2.098653745112800395e-01 -7.720124665767805254e+02 1.351031944444444355e-01 4.607509674892419360e-01
3.775510204081632626e+00 -2.909652777777777671e-02 -5.837649999999999784e-01 1.005867397954579578e+00 1.958699866526046329e-01 -5.787652834594348406e+02 1.288315277777777879e-01 4.051174746864713572e-01
3.857142857142856762e+00 3.320972222222222121e-03 -5.831255555555555636e-01 1.199651476188580368e+00 2.017411184926688472e-01 -5.343566149085623920e+02 1.490193055555555646e-01 3.710110921762345138e-01
3.938775510204081343e+00 -4.441124999999999934e-02 -5.649294444444444840e-01 1.103914147108103094e+00 1.708442106332709320e-01 -5.664411856627625639e+02 1.462612500000000093e-01 3.939272116366003829e-01
4.020408163265305923e+00 -7.077347222222221679e-02 -5.460916666666666419e-01 8.725122501087282378e-01 1.632204002150421662e-01 -5.821374573053699351e+02 1.361273611111111226e-01 3.881993675865622606e-01
4.102040816326530503e+00 1.809027777777777804e-02 -5.464055555555555888e-01 1.107862193718905708e+00 1.573434588572886761e-01 -5.267478957040671048e+02 1.461236111111111069e-01 3.697957623424544815e-01
4.183673469387754196e+00 -1.636638888888888865e-02 -5.299327777777778081e-01 8.695702043637401069e-01 1.602016352329527216e-01 -5.024595418686149628e+02 1.283572222222222337e-01 3.117084635011382332e-01
4.265306122448979664e+00 3.009222222222222159e-02 -5.074694444444444175e-01 8.391917602883572913e-01 1.479970367711110346e-01 -5.184332516579426056e+02 1.300136111111111215e-01 2.990871263344497266e-01
4.346938775510203357e+00 4.075805555555555432e-02 -4.911469444444444554e-01 6.718585042979134947e-01 1.406161795256572200e-01 -3.462700658879114712e+02 1.234711111111111148e-01 2.218680278151277385e-01
4.428571428571428825e+00 6.348027777777777436e-02 -4.900777777777777788e-01 8.514861373164875902e-01 1.267157798404437985e-01 -5.291749855604389268e+02 1.424869444444444577e-01 3.223582037767024344e-01
4.510204081632652517e+00 2.278444444444444397e-02 -4.861416666666666941e-01 8.587568128595274297e-01 1.357191526581490448e-01 -4.879522474685003317e+02 1.345211111111111191e-01 2.975717916227248461e-01
4.591836734693877098e+00 -2.493333333333333166e-02 -4.807597222222222411e-01 1.028285186548148378e+00 1.391101114556434482e-01 -5.982494761974538733e+02 1.484566666666666535e-01 3.566257769054817506e-01
4.673469387755101678e+00 4.221944444444444833e-03 -4.687594444444444508e-01 6.488598316133431521e-01 1.097102175406529101e-01 -4.278090620005022515e+02 1.144536111111111171e-01 2.457803075516254709e-01
4.755102040816326259e+00 1.646291666666666736e-02 -4.504663888888889023e-01 6.388851259852050823e-01 1.187436645488974679e-01 -5.261193124429813679e+02 1.141526388888888938e-01 2.524768425864448718e-01
4.836734693877550839e+00 -1.376916666666666740e-02 -4.468624999999999958e-01 5.289233308819033530e-01 1.003697531186588665e-01 -4.074053685854909759e+02 1.051461111111111069e-01 2.054157125586497934e-01
4.918367346938775420e+00 1.100555555555555488e-02 -4.380019444444444576e-01 5.984440836514522966e-01 9.466993263950357340e-02 -3.505850186363576313e+02 1.166480555555555604e-01 2.036112102369294630e-01
5.000000000000000000e+00 2.124069444444444399e-02 -4.248455555555555319e-01 5.458843319505555236e-01 9.609086705066673118e-02 -4.213557235332208961e+02 1.098506944444444383e-01 2.113433024305556296e-01
