# T, |M|, E, X, C, Domain Size
1.000000000000000000e+00 9.992499999999999716e-01 -1.997046875000000110e+00 1.637250000015910700e-03 2.495493749984234455e-02 9.992532958984374769e-01
1.081632653061224580e+00 9.984218750000000142e-01 -1.993906249999999991e+00 3.339800707530088310e-03 4.380072757211193879e-02 9.984295654296875266e-01
1.163265306122448939e+00 9.978203125000000284e-01 -1.991593750000000052e+00 5.039142269726869239e-03 5.969965674046685128e-02 9.978322143554687607e-01
1.244897959183673519e+00 9.955390625000000160e-01 -1.983140625000000101e+00 9.149331711065970124e-03 9.649647875229011573e-02 9.955661315917968546e-01
1.326530612244897878e+00 9.940937499999999982e-01 -1.977562499999999890e+00 1.136027307693001850e-02 1.157134246154511159e-01 9.941315002441406534e-01
1.408163265306122458e+00 9.912187500000000373e-01 -1.967234375000000091e+00 1.751643478258588585e-02 1.554393771134843782e-01 9.912847900390624467e-01
1.489795918367347038e+00 9.869062499999999849e-01 -1.952749999999999986e+00 2.813959246575271217e-02 2.026202503283790479e-01 9.870304565429687260e-01
1.571428571428571397e+00 9.839999999999999858e-01 -1.941843750000000091e+00 2.936913636364124613e-02 2.124695681817438120e-01 9.841559753417968848e-01
1.653061224489795755e+00 9.747734375000000062e-01 -1.914671875000000023e+00 6.027225906636058533e-02 2.790023250933266197e-01 9.751473388671875187e-01
1.734693877551020336e+00 9.678437500000000027e-01 -1.890687500000000076e+00 6.664129705882060328e-02 3.331903424221350218e-01 9.683412170410156117e-01
1.816326530612244916e+00 9.528437499999999893e-01 -1.847703125000000002e+00 1.138691179775352114e-01 4.512861333086196081e-01 9.538311157226562198e-01
1.897959183673469274e+00 9.443124999999999991e-01 -1.825281249999999966e+00 1.706241908602127433e-01 4.987314088044975668e-01 9.457609863281249973e-01
1.979591836734693855e+00 9.228046874999999982e-01 -1.768062500000000092e+00 2.325198310244909194e-01 6.208824215112791478e-01 9.253025207519530726e-01
2.061224489795918213e+00 8.908046874999999698e-01 -1.701875000000000027e+00 4.847730629641097688e-01 8.113996029801068266e-01 8.959669494628905717e-01
2.142857142857142794e+00 8.682734374999999671e-01 -1.639703125000000039e+00 4.846601593749956804e-01 8.292095641666603623e-01 8.750272216796874947e-01
2.224489795918366930e+00 8.162343749999999565e-01 -1.561890624999999977e+00 1.535910591169741490e+00 1.052868598387139309e+00 8.330056762695312589e-01
2.306122448979591510e+00 6.279218749999999627e-01 -1.367218749999999927e+00 5.770753605641597339e+00 1.725513041330583253e+00 7.030028991699218688e-01
2.387755102040816091e+00 5.894843749999999494e-01 -1.309031250000000091e+00 5.713642670405993940e+00 1.409404846573879322e+00 6.763477172851563024e-01
2.469387755102040671e+00 4.036171874999999742e-01 -1.156453125000000082e+00 5.915164529829545437e+00 1.148605197864716931e+00 5.712309265136719105e-01
2.551020408163265252e+00 3.874062500000000075e-01 -1.111625000000000085e+00 4.395791568000000815e+00 9.450649474559961183e-01 5.533992614746093830e-01
2.632653061224489832e+00 2.504687500000000178e-01 -9.976718749999999858e-01 2.675511579457364064e+00 6.635610179639120920e-01 4.879551391601562593e-01
2.714285714285714413e+00 2.072499999999999898e-01 -9.444062500000000027e-01 2.350257000000000929e+00 5.252453538781161058e-01 4.678287353515624969e-01
2.795918367346938549e+00 2.205781250000000138e-01 -9.182031250000000089e-01 1.952093630930656021e+00 4.687106524555119669e-01 4.665350952148437647e-01
2.877551020408163129e+00 2.027187500000000031e-01 -8.691562499999999636e-01 1.954815991134752018e+00 5.509018778104725067e-01 4.552155456542968937e-01
2.959183673469387710e+00 1.689843749999999922e-01 -8.325312499999999449e-01 1.410413782327586407e+00 3.497899847681362751e-01 4.403915405273437500e-01
3.040816326530612290e+00 1.459609374999999987e-01 -7.900625000000000009e-01 1.075844488150167866e+00 3.641075782171955821e-01 4.257174682617187456e-01
3.122448979591836427e+00 1.692187500000000011e-01 -7.792187499999999600e-01 1.063720343137255053e+00 3.402487213785324038e-01 4.283248291015624987e-01
3.204081632653061007e+00 1.415625000000000078e-01 -7.422343750000000018e-01 8.715914012738854577e-01 2.952667410214391275e-01 4.177688903808593479e-01
3.285714285714285587e+00 1.509218750000000109e-01 -7.239843750000000133e-01 8.895272635869564404e-01 2.802029743620041979e-01 4.175437316894531348e-01
3.367346938775510168e+00 1.268828124999999973e-01 -6.929687500000000222e-01 7.275243400568183194e-01 2.557290989439845452e-01 4.040204162597656468e-01
3.448979591836734304e+00 1.306640625000000111e-01 -6.720000000000000417e-01 6.521918800850591280e-01 2.533526188158664594e-01 3.996331481933593777e-01
3.530612244897958885e+00 1.279765625000000018e-01 -6.536874999999999769e-01 6.497538033778902378e-01 2.507331031441090152e-01 3.967304992675781405e-01
3.612244897959183465e+00 1.213828125000000063e-01 -6.254843749999999813e-01 6.345544596574856921e-01 2.293018561855633408e-01 3.909834899902343563e-01
3.693877551020408045e+00 1.117578124999999978e-01 -6.174843749999999742e-01 4.970639481180937902e-01 2.191213852580053412e-01 3.850804748535155975e-01
3.775510204081632626e+00 1.117265625000000012e-01 -6.024531250000000338e-01 4.936269891047297409e-01 2.235821679163613185e-01 3.812345886230468772e-01
3.857142857142856762e+00 1.047109375000000037e-01 -5.800468749999999618e-01 3.940440607638889259e-01 1.791031960733891759e-01 3.749054565429687513e-01
3.938775510204081343e+00 1.041953124999999980e-01 -5.592812499999999520e-01 4.384271469397668652e-01 1.852750126916167250e-01 3.695440979003906112e-01
4.020408163265305923e+00 1.022187499999999971e-01 -5.484375000000000222e-01 3.603448807106600094e-01 1.649686026437166553e-01 3.662038269042968697e-01
4.102040816326530503e+00 1.054609375000000043e-01 -5.491875000000000506e-01 3.686122474347015010e-01 1.491305606544378604e-01 3.691234130859374907e-01
4.183673469387754196e+00 1.072343750000000068e-01 -5.300624999999999920e-01 3.728292131097561413e-01 1.527521056276023581e-01 3.625593566894531050e-01
4.265306122448979664e+00 9.684375000000000622e-02 -5.145781249999999973e-01 3.198744031100477780e-01 1.405859368360965200e-01 3.561779174804687309e-01
4.346938775510203357e+00 9.257031250000000155e-02 -5.055468749999999512e-01 2.710247763350939754e-01 1.354957473371138088e-01 3.534407958984375209e-01
4.428571428571428825e+00 9.472656250000000000e-02 -4.990156250000000182e-01 2.899756174395161090e-01 1.284307049297601644e-01 3.525531005859374734e-01
4.510204081632652517e+00 9.190624999999999489e-02 -4.856093750000000098e-01 2.641451425339367276e-01 1.198655258376670335e-01 3.474607543945312238e-01
4.591836734693877098e+00 8.637499999999999345e-02 -4.739375000000000115e-01 2.398103011111112071e-01 1.229720347851848278e-01 3.450256347656249778e-01
4.673469387755101678e+00 8.627343749999999423e-02 -4.658281249999999818e-01 2.278658842112446792e-01 1.211523574481325333e-01 3.430876464843750084e-01
4.755102040816326259e+00 8.242968750000000122e-02 -4.505624999999999769e-01 2.107190551904506437e-01 1.111215562821200598e-01 3.388137817382812500e-01
4.836734693877550839e+00 8.403906249999999745e-02 -4.411875000000000102e-01 2.162291402294303777e-01 1.027995957556658846e-01 3.361947631835937589e-01
4.918367346938775420e+00 8.501562499999999745e-02 -4.374218750000000155e-01 2.012992559647303337e-01 1.049256114036860865e-01 3.355638427734374818e-01
5.000000000000000000e+00 8.126562499999999412e-02 -4.207968750000000147e-01 1.773262375000000390e-01 9.676059749999979531e-02 3.277678527832031397e-01
