# T, M, E, X, C, U, Mabs, Xabs_arr
1.000000000000000000e+00 -9.990351562499999449e-01 -1.996198125000000045e+00 1.906996093794077751e-03 2.901471109998965403e-02 -2.180300774792651282e+04 9.990351562499999449e-01 1.906996093794077751e-03
1.081632653061224580e+00 -9.985516406250000143e-01 -1.994305937500000070e+00 3.261570414833132783e-03 4.575693909538007531e-02 -2.178259178991111185e+04 9.985516406250000143e-01 3.261570414833132783e-03
1.163265306122448939e+00 -9.975353125000000487e-01 -1.990279687499999950e+00 4.157375578487968078e-03 5.463086002600234942e-02 -2.173883368889306439e+04 9.975353125000000487e-01 4.157375578487968078e-03
1.244897959183673519e+00 -9.959824999999999928e-01 -1.985260625000000001e+00 8.479324768859161990e-03 8.331825607394473254e-02 -2.167362289318575858e+04 9.959824999999999928e-01 8.479324768859161990e-03
1.326530612244897878e+00 -9.935158593749999767e-01 -1.975653593749999937e+00 1.118142071056022098e-02 1.093320301611738488e-01 -2.156823247171482581e+04 9.935158593749999767e-01 1.118142071056022098e-02
1.408163265306122458e+00 -9.908128906249999979e-01 -1.965801249999999945e+00 1.820757886719010996e-02 1.638825206443537408e-01 -2.145560884133800209e+04 9.908128906249999979e-01 1.820757886719010996e-02
1.489795918367347038e+00 -9.869999999999999885e-01 -1.951871249999999947e+00 2.266086386987781892e-02 1.865466823431503607e-01 -2.129432301952003399e+04 9.869999999999999885e-01 2.266086386987781892e-02
1.571428571428571397e+00 -9.840527343749999600e-01 -1.940747031249999921e+00 2.599693048651633212e-02 2.106257154913117047e-01 -2.117040321107214913e+04 9.840527343749999600e-01 2.599693048651633212e-02
1.653061224489795755e+00 -9.706550781249999593e-01 -1.904148906250000106e+00 9.443887185523287819e-02 3.786041382187774751e-01 -2.064522953649507690e+04 9.706550781249999593e-01 9.443887185523287819e-02
1.734693877551020336e+00 -9.685285156249999750e-01 -1.890752031249999909e+00 6.219618889661045202e-02 3.412295364303631895e-01 -2.053630765815590712e+04 9.685285156249999750e-01 6.219618889661045202e-02
1.816326530612244916e+00 -9.507878906250000206e-01 -1.845592187500000092e+00 1.110071883071382520e-01 4.643033322464599211e-01 -1.983221563883974886e+04 9.507878906250000206e-01 1.110071883071382520e-01
1.897959183673469274e+00 -9.462979687500000514e-01 -1.824860468750000075e+00 1.515743928628159598e-01 5.676522792410444440e-01 -1.968025913768904866e+04 9.462979687500000514e-01 1.515743928628159598e-01
1.979591836734693855e+00 -9.187113281250000041e-01 -1.753769531249999902e+00 3.029846922321929314e-01 8.077032075568875147e-01 -1.868018931473815246e+04 9.187113281250000041e-01 3.029846922321929314e-01
2.061224489795918213e+00 -8.963742968750000317e-01 -1.705462656249999931e+00 3.275673231935371521e-01 6.836031188229854116e-01 -1.782755997754416603e+04 8.963742968750000317e-01 3.275673231935371521e-01
2.142857142857142794e+00 -8.678442968749999764e-01 -1.634144843749999909e+00 3.498137871309438540e-01 7.875545284244360733e-01 -1.676406860397585842e+04 8.678442968749999764e-01 3.498137871309438540e-01
2.224489795918366930e+00 8.286640625000000204e-01 -1.571363749999999948e+00 6.466665354071000626e-01 9.060126489628657076e-01 -1.558817744721857343e+04 8.286640625000000204e-01 6.466665354071000626e-01
2.306122448979591510e+00 -7.527158593749999627e-01 -1.467559687500000098e+00 2.366583349802531711e+00 1.260190730552727789e+00 -1.414927690451177841e+04 7.527158593749999627e-01 2.366583349802531711e+00
2.387755102040816091e+00 -7.041059374999999454e-01 -1.376120781250000036e+00 1.616395448669024626e+00 1.100912223965617498e+00 -1.240145039304004058e+04 7.041059374999999454e-01 1.616395448669024626e+00
2.469387755102040671e+00 5.103895312499999726e-01 -1.183384062500000056e+00 2.760033784431773274e+00 1.130813335489992300e+00 -8.386112756887907381e+03 5.103895312499999726e-01 2.760033784431773274e+00
2.551020408163265252e+00 -1.101830468749999958e-01 -1.060358281250000090e+00 8.990039752439987097e+00 7.444790478322168559e-01 -6.483174083874265307e+03 2.460902343749999943e-01 4.130985913759687378e+00
2.632653061224489832e+00 -6.455695312499999672e-02 -1.001656562500000014e+00 4.990552477037197399e+00 4.666459481205981197e-01 -2.238789155337166449e+03 2.025485156250000085e-01 1.406439860314813162e+00
2.714285714285714413e+00 5.853281249999999977e-03 -9.611001562500000039e-01 4.482677323800328573e+00 5.075756249936093090e-01 -2.645530715763849912e+03 1.716295312499999948e-01 1.707677129510855707e+00
2.795918367346938549e+00 1.264832031249999988e-01 -8.843129687499999836e-01 2.424633597387944928e+00 3.543117079761850530e-01 -2.099770454939093725e+03 1.679585156249999989e-01 1.306472214405919541e+00
2.877551020408163129e+00 1.175257812499999957e-02 -8.580621874999999621e-01 3.077861919470734176e+00 3.423284884301585618e-01 -2.258873117903532147e+03 1.491221093750000060e-01 1.111809625240680610e+00
2.959183673469387710e+00 -1.702240624999999952e-01 -8.453812499999999730e-01 5.124708528989482481e+00 5.655488454715824620e-01 -3.454114863888138188e+03 2.627326562499999740e-01 1.659777407373750568e+00
3.040816326530612290e+00 -4.040570312499999761e-02 -8.045453125000000538e-01 4.597227736333882042e+00 3.623744559737997473e-01 -2.031357226991516427e+03 2.135282031250000101e-01 8.961859768862302511e-01
3.122448979591836427e+00 -1.556765625000000076e-02 -7.612057812500000464e-01 1.855981417493423491e+00 3.012343765107172722e-01 -1.261166223857138448e+03 1.232101562499999942e-01 6.312286546476718607e-01
3.204081632653061007e+00 -3.011265625000000140e-02 -7.573804687499999799e-01 2.387319726982125800e+00 2.473283471476486195e-01 -1.781879180439872698e+03 1.414932812499999915e-01 8.601814816002788522e-01
3.285714285714285587e+00 -1.293832812500000096e-01 -7.236912500000000081e-01 1.104072107156793381e+00 2.970049103092621268e-01 -1.460744101928898544e+03 1.487771874999999910e-01 6.837609962141306674e-01
3.367346938775510168e+00 -2.078648437500000071e-02 -6.868832812499999774e-01 2.745774325038248254e+00 2.555711936133143736e-01 -1.766298052271721645e+03 1.597969531250000019e-01 8.373386572987783216e-01
3.448979591836734304e+00 4.459648437500000201e-02 -6.816326562500000241e-01 2.151515658616633075e+00 3.036485198303621735e-01 -1.628329323791725983e+03 1.441103906250000011e-01 7.576502591653014873e-01
3.530612244897958885e+00 3.956421874999999783e-02 -6.480134374999999558e-01 1.110790859265571084e+00 2.456233841182067223e-01 -1.101255418708492016e+03 1.047292187500000055e-01 4.290003969233743275e-01
3.612244897959183465e+00 -1.592874999999999847e-02 -6.314670312500000326e-01 1.326839407568361828e+00 2.090345146031380996e-01 -1.320719973129250093e+03 1.085437499999999944e-01 5.098479372316385705e-01
3.693877551020408045e+00 5.550250000000000322e-02 -6.051407812500000372e-01 8.390089182961326664e-01 2.282743477041665747e-01 -7.013293789875559696e+02 1.055987500000000051e-01 2.796873094276242089e-01
3.775510204081632626e+00 1.254523437500000040e-02 -6.033334375000000138e-01 1.205277038456005201e+00 2.015118349901463268e-01 -1.006050787556319051e+03 1.102650781249999989e-01 3.915440597803970801e-01
3.857142857142856762e+00 2.561289062499999894e-02 -5.884526562499999836e-01 1.701923026147280416e+00 2.060579753340106846e-01 -1.798398890551352224e+03 1.262928906249999872e-01 6.868629406361693723e-01
3.938775510204081343e+00 1.152976562500000052e-02 -5.737706249999999786e-01 9.919143739759633815e-01 1.789179667502788507e-01 -9.733657134155793074e+02 9.871929687500000106e-02 3.671475147992147026e-01
4.020408163265305923e+00 -3.687914062500000090e-02 -5.562359374999999995e-01 1.019950026922263664e+00 1.616730168182473337e-01 -9.039246846262875579e+02 1.086327343749999980e-01 3.551180291794970856e-01
4.102040816326530503e+00 -1.508773437500000002e-02 -5.323337500000000500e-01 7.896532100177161562e-01 1.553452719706037433e-01 -7.606343376226598139e+02 9.131820312499999703e-02 2.834388734738729210e-01
4.183673469387754196e+00 5.630312499999999901e-03 -5.202098437500000117e-01 7.946501064437806461e-01 1.350006486214674617e-01 -7.486226905026466056e+02 9.242406250000000101e-02 2.738901128779268057e-01
4.265306122448979664e+00 -2.937492187500000129e-02 -5.150162499999999532e-01 6.696272200056144763e-01 1.560569683991308854e-01 -7.460533248288788855e+02 8.700882812500000674e-02 2.670398357350402541e-01
4.346938775510203357e+00 -3.723210937500000262e-02 -4.979987499999999900e-01 6.540050639377276154e-01 1.430300647029823791e-01 -6.663404191732970503e+02 9.183742187500000542e-02 2.389410596487016036e-01
4.428571428571428825e+00 -8.007343749999999705e-03 -4.939206250000000020e-01 7.512056985760080519e-01 1.244714620789802439e-01 -7.557102402342528649e+02 9.270437500000000552e-02 2.581176149096773287e-01
4.510204081632652517e+00 2.441773437499999977e-02 -4.822787499999999783e-01 9.670617248781039343e-01 1.302976120570507046e-01 -1.258897342976483515e+03 1.026491406249999960e-01 4.028303163619272875e-01
4.591836734693877098e+00 -6.803749999999999902e-03 -4.759625000000000106e-01 6.970409523093333837e-01 1.213366557054812861e-01 -7.132190949890903084e+02 8.982156249999999342e-02 2.498266086656667495e-01
4.673469387755101678e+00 1.056734374999999948e-02 -4.716845312499999832e-01 5.604756780597981436e-01 1.161910790540370414e-01 -6.440647919481832560e+02 8.165328125000000103e-02 2.013782293534661372e-01
4.755102040816326259e+00 3.356796875000000319e-02 -4.534329687499999983e-01 5.197810680250805060e-01 1.152279033502135036e-01 -7.321409155548310537e+02 8.282281249999999539e-02 2.111443065063305369e-01
4.836734693877550839e+00 -3.935781249999999870e-02 -4.497468749999999904e-01 7.066563401133966194e-01 1.113270312600811995e-01 -7.517684425201529166e+02 1.009781250000000019e-01 2.489567789451476165e-01
4.918367346938775420e+00 1.144632812500000034e-02 -4.439767187499999990e-01 5.596326854299727982e-01 1.204905464084854161e-01 -7.566195213972083593e+02 8.238210937499999831e-02 2.132000137125973083e-01
5.000000000000000000e+00 1.184453125000000002e-02 -4.251335937499999829e-01 5.174776899687499876e-01 1.030359422437501782e-01 -5.650186967664378699e+02 8.342531250000000120e-02 1.683198098950000055e-01
