# T, M, E, X, C, U
1.000000000000000000e+00 1.000000000000000000e+00 -2.000000000000000000e+00 0.000000000000000000e+00 0.000000000000000000e+00 -4.333333333333333037e+00
1.081632653061224580e+00 9.989000000000000101e-01 -1.995600000000000041e+00 2.029487547169684086e-03 3.002109881096439239e-02 -4.331129697333934381e+00
1.163265306122448939e+00 9.961999999999999744e-01 -1.984799999999999898e+00 6.483680000000219788e-03 8.917903719298285459e-02 -4.325689764993797759e+00
1.244897959183673519e+00 9.963499999999999579e-01 -1.985400000000000054e+00 5.821127704918381204e-03 7.481580525665132431e-02 -4.325993145806624085e+00
1.326530612244897878e+00 -9.942999999999999616e-01 -1.977200000000000069e+00 8.495876307692544482e-03 1.024733388497039710e-01 -4.321835022778085289e+00
1.408163265306122458e+00 -9.922499999999999654e-01 -1.969000000000000083e+00 1.083663405797118291e-02 1.231292913253510535e-01 -4.317651026516588608e+00
1.489795918367347038e+00 -9.896000000000000352e-01 -1.958399999999999919e+00 1.380548821917795474e-02 1.482671611484341345e-01 -4.312407943521762377e+00
1.571428571428571397e+00 9.903499999999999526e-01 -1.961400000000000032e+00 1.204477909090918494e-02 1.226377507438018988e-01 -4.313749862594386641e+00
1.653061224489795755e+00 -9.841999999999999638e-01 -1.936800000000000077e+00 1.851198222222214321e-02 1.791777044718791956e-01 -4.300966233056779942e+00
1.734693877551020336e+00 -9.559999999999999609e-01 -1.918800000000000061e+00 1.284699294117647994e-01 2.092363463307953808e-01 -4.291875075198955614e+00
1.816326530612244916e+00 -9.753500000000000503e-01 -1.901399999999999979e+00 2.602478640449414418e-02 2.292520510238607034e-01 -4.282561107505947540e+00
1.897959183673469274e+00 4.505500000000000060e-01 -1.895000000000000018e+00 1.597357211935484189e+00 2.262753035032950000e-01 -4.279947273026857957e+00
1.979591836734693855e+00 -9.729999999999999760e-01 -1.891999999999999904e+00 2.580531958762904282e-02 2.085708304814540004e-01 -4.277054021191593058e+00
2.061224489795918213e+00 2.427999999999999881e-01 -1.832799999999999985e+00 1.705099399603960508e+00 2.930290081991959728e-01 -4.245449374288964961e+00
2.142857142857142794e+00 9.231500000000000261e-01 -1.828600000000000003e+00 1.563689446666665928e-01 2.765098659555554339e-01 -4.242839463304753700e+00
2.224489795918366930e+00 -4.941499999999999782e-01 -1.800999999999999934e+00 1.225163232935780000e+00 2.916516788149147721e-01 -4.226475063702582524e+00
2.306122448979591510e+00 -7.266500000000000181e-01 -1.784200000000000008e+00 6.786366052212389199e-01 2.920012825937819967e-01 -4.216828478964401050e+00
2.387755102040816091e+00 -6.726499999999999702e-01 -1.755800000000000027e+00 7.642609195726497440e-01 3.036224794681862127e-01 -4.200062361863886373e+00
2.469387755102040671e+00 -1.091000000000000025e-01 -1.736799999999999899e+00 1.442134291239669519e+00 3.093049244614442528e-01 -4.191457917682702039e+00
2.551020408163265252e+00 -4.284999999999999920e-02 -1.702599999999999891e+00 1.391739359920000085e+00 3.205758282854401786e-01 -4.170419090985748589e+00
2.632653061224489832e+00 -2.401000000000000079e-01 -1.662400000000000100e+00 1.240652635968992223e+00 3.312870626140254626e-01 -4.143902997025851853e+00
2.714285714285714413e+00 -4.937500000000000222e-01 -1.657799999999999940e+00 9.267055921052631540e-01 3.162599317451524339e-01 -4.141612949434179569e+00
2.795918367346938549e+00 -3.133500000000000174e-01 -1.630200000000000093e+00 1.093575243722627821e+00 3.187080722382653053e-01 -4.124771758977480829e+00
2.877551020408163129e+00 9.304999999999999383e-02 -1.609799999999999898e+00 1.176231721347517745e+00 3.123287657482019530e-01 -4.110480702677936193e+00
2.959183673469387710e+00 -1.700000000000000122e-02 -1.543600000000000083e+00 1.122486593103448227e+00 3.353287600551723702e-01 -4.067533405561575499e+00
3.040816326530612290e+00 4.084999999999999742e-02 -1.538200000000000012e+00 1.088071344899328885e+00 3.211315102490878148e-01 -4.064398395318673529e+00
3.122448979591836427e+00 3.486500000000000155e-01 -1.518999999999999906e+00 8.972677306535948860e-01 3.151850722371739022e-01 -4.052181230167178683e+00
3.204081632653061007e+00 -2.421500000000000041e-01 -1.493800000000000017e+00 9.418466368789809584e-01 3.127023904515395247e-01 -4.036312763275221371e+00
3.285714285714285587e+00 -2.109999999999999931e-01 -1.482799999999999896e+00 9.297570434782609361e-01 2.971879307372402024e-01 -4.024270543354985463e+00
3.367346938775510168e+00 4.050000000000000128e-02 -1.412400000000000100e+00 9.279230969696969922e-01 3.105474089608813992e-01 -3.974110032362458966e+00
3.448979591836734304e+00 5.949999999999999734e-02 -1.369199999999999973e+00 8.862444437869824165e-01 3.132930857266903457e-01 -3.944639833268203333e+00
3.530612244897958885e+00 1.111999999999999933e-01 -1.370400000000000063e+00 8.563778830057804381e-01 2.992016599071135041e-01 -3.946219763531837010e+00
3.612244897959183465e+00 -2.127999999999999892e-01 -1.384800000000000031e+00 8.062201545762712751e-01 2.810260439796993248e-01 -3.956531109243334399e+00
3.693877551020408045e+00 -1.833500000000000130e-01 -1.356200000000000072e+00 7.889896375138122364e-01 2.730787540746619224e-01 -3.930171537275738203e+00
3.775510204081632626e+00 4.544999999999999735e-02 -1.367399999999999949e+00 8.112379584324324044e-01 2.651846770769905604e-01 -3.947412979062876026e+00
3.857142857142856762e+00 1.156500000000000028e-01 -1.278599999999999959e+00 7.486371174074074597e-01 2.729433193964335147e-01 -3.874321399023041401e+00
3.938775510204081343e+00 -3.630999999999999783e-01 -1.255200000000000093e+00 6.029877950259068253e-01 2.612546244956910901e-01 -3.847115031238515392e+00
4.020408163265305923e+00 6.364999999999999825e-02 -1.239400000000000057e+00 7.147271106091370729e-01 2.635755029647762204e-01 -3.849269243635441207e+00
4.102040816326530503e+00 1.106499999999999984e-01 -1.255400000000000071e+00 6.962695979601990492e-01 2.431299014222420563e-01 -3.851009144837240328e+00
4.183673469387754196e+00 -1.837000000000000022e-01 -1.245600000000000041e+00 6.595680232195123560e-01 2.385130009889352698e-01 -3.847982310668878192e+00
4.265306122448979664e+00 3.679999999999999938e-02 -1.168400000000000105e+00 6.504065500478468653e-01 2.373772667695335792e-01 -3.773828368590205429e+00
4.346938775510203357e+00 -1.209999999999999964e-01 -1.195599999999999996e+00 6.349378591549296180e-01 2.249253963402323975e-01 -3.798315948816196830e+00
4.428571428571428825e+00 3.049999999999999933e-02 -1.181200000000000028e+00 6.327726774193548342e-01 2.251586324245576920e-01 -3.798479448800190283e+00
4.510204081632652517e+00 0.000000000000000000e+00 0.000000000000000000e+00 0.000000000000000000e+00 0.000000000000000000e+00 nan
4.591836734693877098e+00 -1.749499999999999944e-01 -1.124200000000000088e+00 5.654099089333334272e-01 2.113685047593086563e-01 -3.736724660070376736e+00
4.673469387755101678e+00 8.874999999999999556e-02 -1.101799999999999891e+00 5.682702783842794592e-01 2.065876898426804442e-01 -3.716357186271226354e+00
4.755102040816326259e+00 -1.037499999999999950e-01 -1.077399999999999913e+00 5.500289431330472878e-01 2.058483880889314666e-01 -3.703053100119114482e+00
4.836734693877550839e+00 -5.840000000000000052e-02 -1.054400000000000004e+00 5.391980178902954224e-01 1.978354306923748307e-01 -3.672973247889330217e+00
4.918367346938775420e+00 2.026499999999999968e-01 -1.014199999999999990e+00 4.882172763070539157e-01 1.945567509071813861e-01 -3.633742610277399088e+00
5.000000000000000000e+00 7.305000000000000382e-02 -1.042200000000000015e+00 5.165909579999998780e-01 1.859550656000000524e-01 -3.660753369427485637e+00
