# T, M, E, X, C, U, Mabs, Xabs_arr
1.000000000000000000e+00 9.993600000000000261e-01 -1.997440000000000104e+00 1.278361599999833231e-03 2.045378559999910806e-02 -4.332052103352551420e+00 9.993600000000000261e-01 1.278361599999833231e-03
1.081632653061224580e+00 9.987300000000000066e-01 -1.994920000000000027e+00 2.342337199999770542e-03 3.464891254339586696e-02 -4.330788485398016974e+00 9.987300000000000066e-01 2.342337199999770542e-03
1.163265306122448939e+00 9.978599999999999692e-01 -1.991440000000000099e+00 3.663550849122864696e-03 5.038989238091668571e-02 -4.329039550289763838e+00 9.978599999999999692e-01 3.663550849122864696e-03
1.244897959183673519e+00 9.963450000000000362e-01 -1.985379999999999923e+00 5.829043132786850857e-03 7.491753796893377282e-02 -4.325983035324499681e+00 9.963450000000000362e-01 5.829043132786850857e-03
1.326530612244897878e+00 1.385399999999999965e-01 -1.978679999999999994e+00 2.933446569329230869e+00 9.643883900364458306e-02 -4.322648064891164488e+00 9.946700000000000541e-01 7.995567009230486466e-03
1.408163265306122458e+00 9.933400000000000007e-01 -1.973360000000000003e+00 9.333134817391015858e-03 1.060460535773159879e-01 -4.319878923781915070e+00 9.933400000000000007e-01 9.333134817391015858e-03
1.489795918367347038e+00 9.906749999999999723e-01 -1.962699999999999889e+00 1.233872188356159583e-02 1.325144925577041999e-01 -4.314500282698592315e+00 9.906749999999999723e-01 1.233872188356159583e-02
1.571428571428571397e+00 6.620249999999999746e-01 -1.950579999999999981e+00 1.382742834772727303e+00 1.569258021950412363e-01 -4.308279779962082223e+00 9.876449999999999951e-01 1.541235557272740454e-02
1.653061224489795755e+00 -9.401450000000000085e-01 -1.937459999999999960e+00 2.243229170259259941e-01 1.780695899456793130e-01 -4.301436223272943948e+00 9.843650000000000455e-01 1.839749589999975857e-02
1.734693877551020336e+00 4.245000000000000162e-02 -1.922400000000000109e+00 2.234706676588235297e+00 1.990430528664354215e-01 -4.293516043813437655e+00 9.806000000000000272e-01 2.157992282352935026e-02
1.816326530612244916e+00 4.854200000000000181e-01 -1.905880000000000019e+00 1.605740842984269667e+00 2.187561382984977709e-01 -4.284824362283238486e+00 9.764699999999999491e-01 2.483328610786548346e-02
1.897959183673469274e+00 0.000000000000000000e+00 0.000000000000000000e+00 0.000000000000000000e+00 0.000000000000000000e+00 nan 0.000000000000000000e+00 0.000000000000000000e+00
1.979591836734693855e+00 -5.610549999999999704e-01 -1.868419999999999970e+00 1.285123074712371194e+00 2.530649443484324634e-01 -4.264684976050554965e+00 9.671049999999999924e-01 3.131033112474239377e-02
2.061224489795918213e+00 -2.944249999999999923e-01 -1.845499999999999918e+00 1.660345922747525016e+00 2.716062698755029592e-01 -4.252242141560253152e+00 9.613749999999999796e-01 3.499009344059407500e-02
2.142857142857142794e+00 -1.037000000000000005e-01 -1.833919999999999995e+00 1.730738445333333209e+00 2.683174088248888034e-01 -4.245715321424192723e+00 9.584799999999999986e-01 3.593536725333332238e-02
2.224489795918366930e+00 -1.811550000000000105e-01 -1.797619999999999996e+00 1.603217722303670101e+00 2.978948330193080807e-01 -4.225144530295696477e+00 9.494050000000000544e-01 4.141650101926584032e-02
2.306122448979591510e+00 -1.218349999999999989e-01 -1.772019999999999929e+00 1.561103111715929304e+00 3.081832663981833309e-01 -4.210310054005999447e+00 9.430049999999999821e-01 4.441927181504427141e-02
2.387755102040816091e+00 1.278100000000000069e-01 -1.748080000000000078e+00 1.490529080037606979e+00 3.152477139173348042e-01 -4.196790605789711748e+00 9.370199999999999640e-01 4.704589608205127921e-02
2.469387755102040671e+00 3.117999999999999938e-02 -1.726560000000000095e+00 1.453061076773553895e+00 3.155135168161738446e-01 -4.183558552288473287e+00 9.316400000000000237e-01 4.869532593718999686e-02
2.551020408163265252e+00 1.603950000000000098e-01 -1.705500000000000016e+00 1.355608040152800120e+00 3.157056076159999169e-01 -4.171124571409315251e+00 9.263749999999999485e-01 5.033571550000015549e-02
2.632653061224489832e+00 2.455000000000000151e-03 -1.681659999999999933e+00 1.339449524830232718e+00 3.178246129930654695e-01 -4.157138819490328707e+00 9.204149999999999832e-01 5.229512127054278953e-02
2.714285714285714413e+00 -6.662999999999999479e-02 -1.639440000000000008e+00 1.269726968778947418e+00 3.317973167157893255e-01 -4.130940834141609841e+00 9.098600000000000021e-01 5.628704480000001897e-02
2.795918367346938549e+00 9.476999999999999313e-02 -1.621280000000000054e+00 1.216492808989781071e+00 3.248705160640631973e-01 -4.119038890860812430e+00 9.053200000000000136e-01 5.676946517956193983e-02
2.877551020408163129e+00 4.789999999999999813e-02 -1.590279999999999916e+00 1.175222380425531954e+00 3.254227657284041730e-01 -4.098189096042198720e+00 8.975699999999999790e-01 5.852628822411361231e-02
2.959183673469387710e+00 0.000000000000000000e+00 0.000000000000000000e+00 0.000000000000000000e+00 0.000000000000000000e+00 nan 0.000000000000000000e+00 0.000000000000000000e+00
3.040816326530612290e+00 -8.401000000000000134e-02 -1.545160000000000089e+00 1.084527615438926285e+00 3.184580044384304753e-01 -4.069864024116477630e+00 8.862900000000000222e-01 6.052326870067109565e-02
3.122448979591836427e+00 -2.138500000000000123e-02 -1.500780000000000003e+00 1.043674611947059017e+00 3.229393274777394574e-01 -4.038754031660354293e+00 8.751949999999999452e-01 6.302259834705899177e-02
3.204081632653061007e+00 -1.489000000000000046e-01 -1.493000000000000105e+00 9.867461327388535874e-01 3.117631629680716054e-01 -4.034653211498424596e+00 8.732499999999999707e-01 6.243216401273896793e-02
3.285714285714285587e+00 4.947000000000000008e-02 -1.469000000000000083e+00 9.749633102086956438e-01 3.034476446124763638e-01 -4.014950641719884139e+00 8.672499999999999654e-01 6.231514130434781529e-02
3.367346938775510168e+00 0.000000000000000000e+00 0.000000000000000000e+00 0.000000000000000000e+00 0.000000000000000000e+00 nan 0.000000000000000000e+00 0.000000000000000000e+00
3.448979591836734304e+00 7.500000000000000156e-04 -1.409000000000000030e+00 9.069458565088758251e-01 2.995694098946116157e-01 -3.974054040229665574e+00 8.522499999999999520e-01 6.457554881656818457e-02
3.530612244897958885e+00 -6.207000000000000017e-02 -1.400160000000000071e+00 8.780146460092487226e-01 2.888907762416920155e-01 -3.967633281332587636e+00 8.500400000000000178e-01 6.374758200231218919e-02
3.612244897959183465e+00 4.254999999999999755e-02 -1.368800000000000017e+00 8.476440763276835710e-01 2.844035226863289578e-01 -3.942787447515156529e+00 8.421999999999999487e-01 6.420844836158198787e-02
3.693877551020408045e+00 -5.877000000000000279e-02 -1.346079999999999943e+00 8.182253760861878389e-01 2.781172039038613542e-01 -3.925144257370958734e+00 8.365200000000000413e-01 6.420818100331485145e-02
3.775510204081632626e+00 -1.558999999999999969e-02 -1.308840000000000003e+00 7.900039057967567224e-01 2.767236801653060185e-01 -3.897355802532030289e+00 8.272100000000000009e-01 6.529831738594588098e-02
3.857142857142856762e+00 6.989499999999999880e-02 -1.290059999999999985e+00 7.613067144925926844e-01 2.687391748894376597e-01 -3.881305092562834957e+00 8.225149999999999961e-01 6.478533680370368586e-02
3.938775510204081343e+00 -4.955000000000000203e-03 -1.277420000000000000e+00 7.462044445756477185e-01 2.618128790339177003e-01 -3.873090344523339112e+00 8.193550000000000555e-01 6.445138476217600332e-02
4.020408163265305923e+00 -5.396499999999999908e-02 -1.261980000000000102e+00 7.227378408116751363e-01 2.546168607817361762e-01 -3.860808610554098408e+00 8.154949999999999699e-01 6.397898159949241825e-02
4.102040816326530503e+00 -1.921499999999999944e-02 -1.230220000000000091e+00 6.995623065666666252e-01 2.496309618664488139e-01 -3.833025090179988048e+00 8.075550000000000228e-01 6.399977466218902122e-02
4.183673469387754196e+00 3.093500000000000069e-02 -1.222779999999999978e+00 6.829553319604879658e-01 2.417966278083618359e-01 -3.827665912874697263e+00 8.056950000000000500e-01 6.322488354682913314e-02
4.265306122448979664e+00 -6.940999999999999948e-02 -1.198199999999999932e+00 6.578587625473684142e-01 2.358019917822394562e-01 -3.805293237624650438e+00 7.995499999999999829e-01 6.286047995215314488e-02
4.346938775510203357e+00 -1.503999999999999955e-02 -1.166840000000000099e+00 6.395846220018781558e-01 2.319414824196609770e-01 -3.778596786449681666e+00 7.917100000000000248e-01 6.301471397370897454e-02
4.428571428571428825e+00 -1.214499999999999955e-02 -1.164700000000000069e+00 6.273851603645160813e-01 2.244952407492195046e-01 -3.778185996691867388e+00 7.911749999999999616e-01 6.213707556451620456e-02
4.510204081632652517e+00 5.174499999999999933e-02 -1.130819999999999936e+00 6.027753446837105233e-01 2.193234432028501601e-01 -3.744958811927137532e+00 7.827049999999999841e-01 6.182459304570144670e-02
4.591836734693877098e+00 -2.692500000000000102e-02 -1.111580000000000013e+00 5.880327053222222933e-01 2.144219684775190704e-01 -3.728786617586306917e+00 7.778950000000000031e-01 6.153691697377780545e-02
4.673469387755101678e+00 -4.866000000000000186e-02 -1.104680000000000106e+00 5.742776072593887005e-01 2.077387812084132424e-01 -3.722433855361742872e+00 7.761700000000000266e-01 6.067880216419214989e-02
4.755102040816326259e+00 -3.800499999999999712e-02 -1.088100000000000067e+00 5.601251996356223506e-01 2.017705755781097621e-01 -3.705631711517304083e+00 7.720249999999999613e-01 5.996497973175979324e-02
4.836734693877550839e+00 0.000000000000000000e+00 0.000000000000000000e+00 0.000000000000000000e+00 0.000000000000000000e+00 nan 0.000000000000000000e+00 0.000000000000000000e+00
4.918367346938775420e+00 -6.099999999999999737e-04 -1.058840000000000003e+00 5.346364608647302674e-01 1.920862594248997357e-01 -3.680291356409612469e+00 7.647100000000000009e-01 5.904692413443981408e-02
5.000000000000000000e+00 -1.572000000000000133e-02 -1.043560000000000043e+00 5.214423052800000180e-01 1.871268042240000207e-01 -3.665654474350127145e+00 7.608899999999999553e-01 5.847712632000003768e-02
