# T, M, E, X, C, U
1.000000000000000000e+00 1.000000000000000000e+00 -2.000000000000000000e+00 0.000000000000000000e+00 0.000000000000000000e+00 -4.333333333333333037e+00
1.081632653061224580e+00 9.999000000000000110e-01 -1.999600000000000044e+00 1.848686792450768301e-04 2.734661217515116372e-03 -4.333133303328832397e+00
1.163265306122448939e+00 9.983499999999999597e-01 -1.993400000000000061e+00 2.827480526316062184e-03 3.889025846722049540e-02 -4.330025145568615841e+00
1.244897959183673519e+00 9.957500000000000240e-01 -1.983000000000000096e+00 6.769831967212812038e-03 8.700898790647629277e-02 -4.324778798171677430e+00
1.326530612244897878e+00 9.959500000000000020e-01 -1.983800000000000008e+00 6.056693999999793188e-03 7.305304763076875263e-02 -4.325183825070637589e+00
1.408163265306122458e+00 9.946500000000000341e-01 -1.978599999999999914e+00 7.517246231883953876e-03 8.541334848981367578e-02 -4.322546771171987601e+00
1.489795918367347038e+00 9.899000000000000021e-01 -1.959600000000000009e+00 1.328501424657537767e-02 1.426774132782881732e-01 -4.312822595657544333e+00
1.571428571428571397e+00 9.858500000000000041e-01 -1.943400000000000016e+00 1.762670636363631096e-02 1.794719193388424339e-01 -4.304625443771869620e+00
1.653061224489795755e+00 9.876000000000000334e-01 -1.950399999999999912e+00 1.463040790123452256e-02 1.416078986983693722e-01 -4.308063310916377731e+00
1.734693877551020336e+00 9.807500000000000107e-01 -1.923000000000000043e+00 2.133964411764703584e-02 1.968268351557091456e-01 -4.293688591410305122e+00
1.816326530612244916e+00 9.767500000000000071e-01 -1.907000000000000028e+00 2.452078370786513195e-02 2.160033081681602685e-01 -4.285362758049058307e+00
1.897959183673469274e+00 9.720999999999999641e-01 -1.888400000000000079e+00 2.807560903225828769e-02 2.366804030246265622e-01 -4.275731329785383394e+00
1.979591836734693855e+00 9.708499999999999908e-01 -1.883399999999999963e+00 2.813767412371122670e-02 2.274220259071102201e-01 -4.273216759455292113e+00
2.061224489795918213e+00 9.604500000000000259e-01 -1.841800000000000104e+00 3.572788425742567942e-02 2.773332797804131666e-01 -4.250112926796864699e+00
2.142857142857142794e+00 9.562500000000000444e-01 -1.824999999999999956e+00 3.791374999999982259e-02 2.830893333333335815e-01 -4.241220679879108779e+00
2.224489795918366930e+00 9.538999999999999702e-01 -1.815600000000000103e+00 3.852531045871575299e-02 2.770994807305783292e-01 -4.236484672786815509e+00
2.306122448979591510e+00 9.487499999999999822e-01 -1.794999999999999929e+00 4.015127212389373035e-02 2.785716579215288813e-01 -4.222965349796466761e+00
2.387755102040816091e+00 9.349499999999999478e-01 -1.739800000000000013e+00 4.815150008547017246e-02 3.226562057009277340e-01 -4.191231713507775680e+00
2.469387755102040671e+00 9.324500000000000011e-01 -1.729800000000000004e+00 4.837150008264474305e-02 3.134153393784579467e-01 -4.186000611569788532e+00
2.551020408163265252e+00 9.225499999999999812e-01 -1.690199999999999925e+00 5.311834807999998853e-02 3.331582791577601954e-01 -4.163498027251240963e+00
2.632653061224489832e+00 9.136499999999999622e-01 -1.654600000000000071e+00 5.563768054263570212e-02 3.381390817474908550e-01 -4.139272223019174746e+00
2.714285714285714413e+00 9.091500000000000137e-01 -1.636600000000000055e+00 5.610504052631570815e-02 3.307244494182822736e-01 -4.127348079610621667e+00
2.795918367346938549e+00 9.064999999999999725e-01 -1.625999999999999890e+00 5.594977372262789628e-02 3.201797269966436543e-01 -4.121217401405587566e+00
2.877551020408163129e+00 9.008500000000000396e-01 -1.603399999999999936e+00 5.788849921985814856e-02 3.218764779316937719e-01 -4.109815297760326835e+00
2.959183673469387710e+00 8.853999999999999648e-01 -1.541600000000000081e+00 6.179655613793116203e-02 3.341275862906063487e-01 -4.064545290182606685e+00
3.040816326530612290e+00 8.751999999999999780e-01 -1.500799999999999912e+00 6.514692724832223114e-02 3.427865165280843951e-01 -4.040506846515430794e+00
3.122448979591836427e+00 8.774999999999999467e-01 -1.510000000000000009e+00 6.231486928104588291e-02 3.193127942244435302e-01 -4.045786762759828292e+00
3.204081632653061007e+00 8.740499999999999936e-01 -1.496199999999999974e+00 6.137371407643317511e-02 3.064776550058825877e-01 -4.033625416346399817e+00
3.285714285714285587e+00 8.640499999999999847e-01 -1.456199999999999939e+00 6.390403173913045132e-02 3.111848502079396228e-01 -4.008082261781852118e+00
3.367346938775510168e+00 8.578000000000000069e-01 -1.431200000000000028e+00 6.406130521212112516e-02 3.043882623412305088e-01 -3.988667299778410502e+00
3.448979591836734304e+00 8.572999999999999510e-01 -1.429200000000000026e+00 6.232186485207103638e-02 2.891144499646371435e-01 -3.985419043996450306e+00
3.530612244897958885e+00 8.490999999999999659e-01 -1.396400000000000086e+00 6.415792624277456835e-02 2.907503709499147382e-01 -3.965534979423869011e+00
3.612244897959183465e+00 8.437500000000000000e-01 -1.375000000000000000e+00 6.479177259887008988e-02 2.869872865396278505e-01 -3.952634368476273252e+00
3.693877551020408045e+00 8.357499999999999929e-01 -1.342999999999999972e+00 6.404861740331491138e-02 2.774260554928116296e-01 -3.920860144090633881e+00
3.775510204081632626e+00 8.322000000000000508e-01 -1.328799999999999981e+00 6.414302356756748646e-02 2.718277323079620333e-01 -3.913203204532377022e+00
3.857142857142856762e+00 8.228999999999999648e-01 -1.291600000000000081e+00 6.552579703703706460e-02 2.718107136351164965e-01 -3.887328065554580547e+00
3.938775510204081343e+00 8.086999999999999744e-01 -1.234799999999999898e+00 6.637018010362709386e-02 2.696073637370131060e-01 -3.836495910660086217e+00
4.020408163265305923e+00 8.191000000000000503e-01 -1.276399999999999979e+00 6.270526517766493446e-02 2.495478573567987135e-01 -3.869269023775461669e+00
4.102040816326530503e+00 0.000000000000000000e+00 0.000000000000000000e+00 0.000000000000000000e+00 0.000000000000000000e+00 nan
4.183673469387754196e+00 8.007499999999999618e-01 -1.203000000000000069e+00 6.369946219512209740e-02 2.436116017608566664e-01 -3.808203534301086712e+00
4.265306122448979664e+00 8.048999999999999488e-01 -1.219600000000000017e+00 6.244427770334937122e-02 2.342407354996451363e-01 -3.826929806144587332e+00
4.346938775510203357e+00 7.943999999999999950e-01 -1.177599999999999980e+00 6.328926497652583028e-02 2.329520363455223619e-01 -3.792931818723060289e+00
4.428571428571428825e+00 7.845499999999999696e-01 -1.138200000000000101e+00 6.323149451612911087e-02 2.284492705098854493e-01 -3.755528001653233972e+00
4.510204081632652517e+00 7.773499999999999854e-01 -1.109399999999999942e+00 6.190582619909507783e-02 2.196116187334412051e-01 -3.720493515805610940e+00
4.591836734693877098e+00 7.725999999999999535e-01 -1.090400000000000036e+00 6.183951573333349577e-02 2.154763570441482201e-01 -3.706293357289014878e+00
4.673469387755101678e+00 7.666500000000000536e-01 -1.066599999999999993e+00 6.267102353711787033e-02 2.145593120222727412e-01 -3.693823518287378427e+00
4.755102040816326259e+00 7.634499999999999620e-01 -1.053800000000000070e+00 6.239117214592275473e-02 2.099342444738345193e-01 -3.685412782364953621e+00
4.836734693877550839e+00 0.000000000000000000e+00 0.000000000000000000e+00 0.000000000000000000e+00 0.000000000000000000e+00 nan
4.918367346938775420e+00 7.776499999999999524e-01 -1.110600000000000032e+00 5.821889456431535159e-02 1.893925864664864622e-01 -3.734065229980655154e+00
5.000000000000000000e+00 7.624999999999999556e-01 -1.050000000000000044e+00 5.823500000000007837e-02 1.863519999999999621e-01 -3.671150514623458427e+00
