# T, M, E, X, C, U
1.000000000000000000e+00 9.995625000000000204e-01 -1.998350000000000071e+00 1.071937500000785803e-03 1.435643999999314246e-02 -8.428354936722321611e+01
1.081632653061224580e+00 9.990250000000000519e-01 -1.996124999999999927e+00 1.834994528300103265e-03 2.654840147739773865e-02 -8.421464172114107782e+01
1.163265306122448939e+00 9.983125000000000471e-01 -1.993700000000000028e+00 3.807762061402573256e-03 4.135791596183232416e-02 -8.414590944783775228e+01
1.244897959183673519e+00 9.955749999999999877e-01 -1.982974999999999932e+00 7.941783442624349501e-03 9.011808610319678448e-02 -8.381298497241932921e+01
1.326530612244897878e+00 9.960999999999999854e-01 -1.984399999999999942e+00 6.525774769230680700e-03 7.871088337041717842e-02 -8.387179002902273339e+01
1.408163265306122458e+00 9.903125000000000400e-01 -1.964399999999999924e+00 1.780577445652151494e-02 1.581110897374524427e-01 -8.326366643707889637e+01
1.489795918367347038e+00 -9.852374999999999883e-01 -1.948225000000000096e+00 3.445981886986328180e-02 2.455560190636106588e-01 -8.292245537306719427e+01
1.571428571428571397e+00 -9.767624999999999780e-01 -1.915499999999999980e+00 3.836337113636370533e-02 2.939011900826463131e-01 -8.179517508872841347e+01
1.653061224489795755e+00 9.790874999999999995e-01 -1.924274999999999958e+00 3.495192836419690197e-02 2.446566632510288053e-01 -8.209329358165145152e+01
1.734693877551020336e+00 9.693249999999999922e-01 -1.888700000000000045e+00 4.360695047058859436e-02 2.968257302366773542e-01 -8.092775656171886567e+01
1.816326530612244916e+00 9.623874999999999513e-01 -1.862824999999999953e+00 5.108651772472010827e-02 3.356817791074368507e-01 -8.017284325247467791e+01
1.897959183673469274e+00 -9.578999999999999737e-01 -1.854624999999999968e+00 7.296860817204262051e-02 3.927984226789242306e-01 -8.027179341842305860e+01
1.979591836734693855e+00 -9.342249999999999721e-01 -1.776499999999999968e+00 1.017272279381454120e-01 5.008604914443617329e-01 -7.788289636542471328e+01
2.061224489795918213e+00 3.241125000000000256e-01 -1.651100000000000012e+00 5.447171064133663698e+00 8.514007290108804860e-01 -7.615259371156881230e+01
2.142857142857142794e+00 7.161499999999999533e-01 -1.661624999999999908e+00 2.224864525333333898e+00 7.284095544444445514e-01 -7.611393224650250033e+01
2.224489795918366930e+00 3.793500000000000205e-01 -1.578950000000000076e+00 4.524384539082569212e+00 8.456285947613823017e-01 -7.417039097486986066e+01
2.306122448979591510e+00 -8.776874999999999538e-01 -1.605550000000000033e+00 1.954837383849566679e-01 6.790543136627774645e-01 -7.387690956017743815e+01
2.387755102040816091e+00 -1.893124999999999947e-01 -1.421175000000000077e+00 4.320772858440172115e+00 9.288788129089043943e-01 -7.089714771070784138e+01
2.469387755102040671e+00 8.127500000000000002e-02 -1.369375000000000009e+00 4.157147847190082679e+00 7.917664841028615452e-01 -6.811260883399380361e+01
2.551020408163265252e+00 7.743624999999999536e-01 -1.406975000000000087e+00 4.650603710200006402e-01 7.612578468857593705e-01 -6.983140741565269138e+01
2.632653061224489832e+00 -1.095249999999999974e-01 -1.268950000000000022e+00 3.518605822558139806e+00 7.432342838988040823e-01 -6.575490030177397216e+01
2.714285714285714413e+00 -1.582999999999999963e-01 -1.160774999999999890e+00 2.974118648421052669e+00 7.540193825761773994e-01 -6.385849102993039139e+01
2.795918367346938549e+00 6.029750000000000387e-01 -1.238825000000000065e+00 1.270097307372262341e+00 6.528844523368317887e-01 -6.393770336647683905e+01
2.877551020408163129e+00 -1.670500000000000040e-01 -9.704500000000000348e-01 2.163300916595744638e+00 6.476128692097984363e-01 -5.817579754677858972e+01
2.959183673469387710e+00 -4.293500000000000094e-01 -1.111925000000000052e+00 1.757642584551724285e+00 6.406775538030911044e-01 -6.187203270086843077e+01
3.040816326530612290e+00 2.928499999999999992e-01 -9.565749999999999531e-01 1.671055234630872466e+00 5.783692568942840895e-01 -5.803621004460077160e+01
3.122448979591836427e+00 -3.346750000000000003e-01 -9.276750000000000274e-01 1.466247275751634271e+00 4.937804873984366627e-01 -5.447159780652182803e+01
3.204081632653061007e+00 2.172500000000000125e-02 -8.877749999999999808e-01 1.911015102611465233e+00 4.929787855405899366e-01 -5.439988473123892021e+01
3.285714285714285587e+00 -2.930249999999999799e-01 -8.796000000000000485e-01 1.420309614347825988e+00 4.411909462381851110e-01 -5.316183404932774437e+01
3.367346938775510168e+00 4.624999999999999944e-02 -8.442250000000000032e-01 1.747347424242424063e+00 4.363731637241508032e-01 -5.244353669080146574e+01
3.448979591836734304e+00 1.665125000000000077e-01 -8.239999999999999547e-01 1.520116967322485468e+00 3.750661105703584353e-01 -5.012783695816243323e+01
3.530612244897958885e+00 -8.524999999999999592e-03 -7.683750000000000302e-01 1.447124984450867125e+00 3.504708910337799299e-01 -4.835250991442287472e+01
3.612244897959183465e+00 3.258749999999999841e-02 -7.166500000000000092e-01 1.311949773997175051e+00 3.104925806900955543e-01 -4.616457022509807473e+01
3.693877551020408045e+00 3.662499999999999784e-02 -6.582750000000000545e-01 1.066816020718232005e+00 2.636977082625682201e-01 -4.319935304485358785e+01
3.775510204081632626e+00 1.923999999999999877e-01 -6.503499999999999837e-01 9.031006819459458379e-01 2.779420077148283541e-01 -4.535178683725018089e+01
3.857142857142856762e+00 6.583749999999999325e-02 -6.095249999999999835e-01 9.350371275000000093e-01 2.684291510425241278e-01 -4.442890111559221822e+01
3.938775510204081343e+00 -1.479499999999999982e-01 -6.522250000000000547e-01 9.971303898445597058e-01 2.539482304703482018e-01 -4.365848469972181078e+01
4.020408163265305923e+00 2.841250000000000026e-02 -5.904500000000000304e-01 8.813554578553299823e-01 2.081395069380813645e-01 -4.088575753528338197e+01
4.102040816326530503e+00 8.312500000000000444e-03 -6.552999999999999936e-01 1.039036330534825803e+00 2.384603810440336369e-01 -4.400905211760129987e+01
4.183673469387754196e+00 -6.825000000000000511e-02 -5.528750000000000053e-01 7.304516048780489434e-01 1.764695149970256505e-01 -3.765235585369749316e+01
4.265306122448979664e+00 -9.541249999999999731e-02 -5.484999999999999876e-01 7.797959119497608338e-01 1.905015765206840850e-01 -3.952134505661209829e+01
4.346938775510203357e+00 -3.604999999999999871e-02 -5.704749999999999543e-01 8.400984114553992077e-01 1.859152894793803246e-01 -3.978974763907987011e+01
4.428571428571428825e+00 8.243749999999999689e-02 -5.154750000000000165e-01 6.676509536290322622e-01 1.639622800312174611e-01 -3.783212226490184094e+01
4.510204081632652517e+00 -7.631250000000000533e-02 -4.830249999999999821e-01 6.435401558257918264e-01 1.366875269873671916e-01 -3.312006754181723522e+01
4.591836734693877098e+00 -2.878750000000000059e-02 -5.012999999999999678e-01 6.826278151000001460e-01 1.512344469522963475e-01 -3.753357795056295743e+01
4.673469387755101678e+00 -6.565000000000000002e-02 -5.121750000000000469e-01 6.617762915283843528e-01 1.454366711601609297e-01 -3.791922722121187661e+01
4.755102040816326259e+00 -1.156250000000000056e-01 -4.639249999999999763e-01 5.406495439914162926e-01 1.323461198679290740e-01 -3.568472932938325215e+01
4.836734693877550839e+00 -1.074999999999999914e-02 -4.900249999999999884e-01 6.308907130801688634e-01 1.347571023872599083e-01 -3.589760805248965880e+01
4.918367346938775420e+00 -7.424999999999999656e-02 -4.707250000000000045e-01 5.824577136929460774e-01 1.328707219846421428e-01 -3.701123170614695823e+01
5.000000000000000000e+00 -3.653750000000000053e-02 -3.819250000000000145e-01 4.637630354999999760e-01 1.094413083999999786e-01 -3.082028409556265913e+01
