# T, M, E, X, C, U, Mabs, Xabs_arr
1.000000000000000000e+00 -9.993662500000000115e-01 -1.997465000000000046e+00 1.261073774999843522e-03 2.017718039999749635e-02 -8.425560659711005940e+01 9.993662500000000115e-01 1.261073774999843522e-03
1.081632653061224580e+00 -9.991674999999999862e-01 -1.996669999999999945e+00 1.529087620756374192e-03 2.261895650323980309e-02 -8.423119264810749485e+01 9.991674999999999862e-01 1.529087620756374192e-03
1.163265306122448939e+00 -9.976350000000000495e-01 -1.990677500000000100e+00 4.225612484208896187e-03 5.530610452936113308e-02 -8.404765267831498932e+01 9.976350000000000495e-01 4.225612484208896187e-03
1.244897959183673519e+00 -9.965724999999999723e-01 -1.986727499999999980e+00 6.158766542623625266e-03 7.112757753611863298e-02 -8.392991973397366223e+01 9.965724999999999723e-01 6.158766542623625266e-03
1.326530612244897878e+00 -9.949187499999999629e-01 -1.980407500000000098e+00 8.804466528846980472e-03 9.394197670605455852e-02 -8.374149040839424174e+01 9.949187499999999629e-01 8.804466528846980472e-03
1.408163265306122458e+00 -9.861299999999999510e-01 -1.958309999999999995e+00 5.819422478840747398e-02 2.366057166272617363e-01 -8.331341444611346958e+01 9.861299999999999510e-01 5.819422478840747398e-02
1.489795918367347038e+00 -9.880287500000000112e-01 -1.955955000000000110e+00 2.267392893116413136e-02 1.780230022232309472e-01 -8.303808643405831447e+01 9.880287500000000112e-01 2.267392893116413136e-02
1.571428571428571397e+00 -9.820387499999999603e-01 -1.935075000000000101e+00 3.316777925681936579e-02 2.417910709917330536e-01 -8.244440018306663376e+01 9.820387499999999603e-01 3.316777925681936579e-02
1.653061224489795755e+00 -9.763524999999999565e-01 -1.914047499999999902e+00 3.917443040864325432e-02 2.785850489321605727e-01 -8.179765023381995093e+01 9.763524999999999565e-01 3.917443040864325432e-02
1.734693877551020336e+00 -9.742825000000000513e-01 -1.906684999999999963e+00 4.182165166941138185e-02 2.788207267449699378e-01 -8.159809512825435718e+01 9.742825000000000513e-01 4.182165166941138185e-02
1.816326530612244916e+00 -9.565875000000000350e-01 -1.853577500000000100e+00 8.655694603932582998e-02 4.249164442095537120e-01 -8.024919860586363995e+01 9.565875000000000350e-01 8.655694603932582998e-02
1.897959183673469274e+00 -1.390337500000000115e-01 -1.808182500000000026e+00 7.404646255128763954e+00 5.127981754870050146e-01 -7.922620548872005486e+01 9.373212499999999947e-01 1.611544080642476340e-01
1.979591836734693855e+00 -3.296137499999999831e-01 -1.781682500000000058e+00 6.275411770471906792e+00 5.446407850512378079e-01 -7.852582115779442518e+01 9.307137500000000063e-01 1.522678278327314616e-01
2.061224489795918213e+00 3.996237499999999998e-01 -1.706245000000000012e+00 5.273902133799753145e+00 6.860792184138427841e-01 -7.703919158883347507e+01 8.971037499999999776e-01 2.664242980294558860e-01
2.142857142857142794e+00 2.265425000000000078e-01 -1.669384999999999897e+00 5.776689767846666435e+00 6.843839905404461854e-01 -7.573360295934561748e+01 8.910424999999999596e-01 2.316800318466671338e-01
2.224489795918366930e+00 9.739625000000000365e-02 -1.600975000000000037e+00 5.530201150100689134e+00 7.809918458707183486e-01 -7.472429293333823352e+01 8.541712500000000485e-01 3.506044901649083001e-01
2.306122448979591510e+00 8.249874999999999570e-02 -1.571674999999999933e+00 5.270602957511283826e+00 7.161224799992179646e-01 -7.329421151280051561e+01 8.499737499999999724e-01 3.053898934493362027e-01
2.387755102040816091e+00 -8.873124999999999762e-02 -1.469000000000000083e+00 4.677012619439102181e+00 8.065255244356782649e-01 -7.138288669495867111e+01 8.014712499999999684e-01 4.254346963416670846e-01
2.469387755102040671e+00 2.664599999999999747e-01 -1.333472500000000061e+00 3.577763385335537727e+00 8.698975787465267340e-01 -6.839454345478675634e+01 7.378900000000000459e-01 5.099213615999994564e-01
2.551020408163265252e+00 -1.380662500000000015e-01 -1.372237499999999999e+00 3.988596420951799892e+00 7.643551457214398104e-01 -6.844842602786184216e+01 7.685537500000000355e-01 4.034423364397997092e-01
2.632653061224489832e+00 -1.176662500000000000e-01 -1.297507500000000036e+00 3.614269232023061829e+00 7.615529629492874264e-01 -6.688998055541219401e+01 7.301562499999999512e-01 4.583179330184116163e-01
2.714285714285714413e+00 -3.853999999999999787e-02 -1.200262500000000010e+00 3.234331466357894591e+00 7.587058060318556674e-01 -6.465691715709579057e+01 6.813124999999999876e-01 5.068285296052629230e-01
2.795918367346938549e+00 -2.047250000000000111e-02 -1.149329999999999963e+00 3.029753703409489241e+00 7.179319809823437870e-01 -6.294975179835606838e+01 6.679300000000000237e-01 4.791135024700731715e-01
2.877551020408163129e+00 -1.688999999999999876e-02 -1.080322500000000074e+00 2.696072316834042581e+00 6.810964362404254846e-01 -6.144283588722923639e+01 6.270900000000000363e-01 5.111221660255315102e-01
2.959183673469387710e+00 2.848875000000000018e-02 -1.030294999999999961e+00 2.475238973384655150e+00 6.337241547513725592e-01 -5.963275832129784249e+01 6.072612499999999747e-01 4.857464242122415121e-01
3.040816326530612290e+00 -4.966625000000000206e-02 -1.001887500000000042e+00 2.346355041415939535e+00 5.800590399980853906e-01 -5.802552013476804404e+01 6.026362499999999844e-01 4.484240929246643415e-01
3.122448979591836427e+00 5.400749999999999995e-02 -9.653850000000000486e-01 2.147851280496078541e+00 5.335544097137168151e-01 -5.697906925950194079e+01 5.777274999999999494e-01 4.525037818503271358e-01
3.204081632653061007e+00 2.574250000000000149e-02 -8.592349999999999710e-01 1.801037813859235781e+00 4.721817408737230548e-01 -5.296855999181264707e+01 5.240875000000000394e-01 4.327579120859870732e-01
3.285714285714285587e+00 -1.130374999999999956e-02 -8.380575000000000108e-01 1.713778988105434831e+00 4.517803730206051416e-01 -5.274734656688027457e+01 5.146412500000000501e-01 4.246694993663039930e-01
3.367346938775510168e+00 1.980250000000000066e-02 -8.248600000000000376e-01 1.648340927388484589e+00 4.311266190283343236e-01 -5.243832882535123474e+01 5.090350000000000152e-01 4.190075825430301659e-01
3.448979591836734304e+00 1.624999999999999925e-04 -7.691974999999999785e-01 1.474556297618343503e+00 3.884081160833271484e-01 -4.993606569250013649e+01 4.840099999999999958e-01 3.877854544473375298e-01
3.530612244897958885e+00 -4.071749999999999675e-02 -7.791974999999999874e-01 1.472695952554335497e+00 3.757534191004010538e-01 -5.051252620289339035e+01 4.909149999999999903e-01 3.880585885294798310e-01
3.612244897959183465e+00 2.222000000000000017e-02 -7.127075000000000493e-01 1.289527835787570575e+00 3.351190489626575952e-01 -4.769961572999513777e+01 4.589050000000000074e-01 3.589150935841807777e-01
3.693877551020408045e+00 -6.823500000000000398e-02 -6.912224999999999620e-01 1.185106624660773766e+00 3.043690035178384101e-01 -4.617755863198217980e+01 4.475974999999999815e-01 3.374878107574586505e-01
3.775510204081632626e+00 3.226874999999999882e-02 -6.798925000000000107e-01 1.149508784185811150e+00 2.777617818920408710e-01 -4.500068439553317035e+01 4.435512500000000080e-01 3.201790096258108620e-01
3.857142857142856762e+00 -2.874374999999999847e-02 -6.744474999999999776e-01 1.130219546134259234e+00 2.818810105337448690e-01 -4.583521635016242612e+01 4.420012500000000122e-01 3.232433607342591886e-01
3.938775510204081343e+00 -3.438000000000000084e-02 -6.259299999999999864e-01 1.001130488240414618e+00 2.461891098821875068e-01 -4.338795533053686171e+01 4.179149999999999809e-01 2.964608775937824792e-01
4.020408163265305923e+00 -3.146125000000000310e-02 -6.247650000000000148e-01 9.796817576790609605e-01 2.380174989944703334e-01 -4.314375649698691717e+01 4.182112499999999788e-01 2.875695847348985201e-01
4.102040816326530503e+00 -1.426624999999999942e-02 -6.124574999999999880e-01 9.659048418058457930e-01 2.254722678550308002e-01 -4.248399136286980138e+01 4.212337500000000179e-01 2.746027151391791099e-01
4.183673469387754196e+00 -5.935624999999999929e-02 -6.002800000000000358e-01 8.810061053628051031e-01 2.113704278925783442e-01 -4.225865959420173823e+01 4.017512500000000042e-01 2.772079222867073756e-01
4.265306122448979664e+00 8.340000000000000191e-03 -5.666999999999999815e-01 8.266457340172249646e-01 1.953976663025114302e-01 -4.065057655067607101e+01 3.887275000000000036e-01 2.600668885315789436e-01
4.346938775510203357e+00 -1.952500000000000069e-02 -5.519475000000000353e-01 7.991877892488263857e-01 1.800241061402257370e-01 -3.887098146040941060e+01 3.905649999999999955e-01 2.391254503643192864e-01
4.428571428571428825e+00 3.412499999999999735e-04 -5.175374999999999837e-01 7.089917566911290159e-01 1.604002496331946026e-01 -3.704224920357759743e+01 3.660437500000000011e-01 2.249064027620968076e-01
4.510204081632652517e+00 -7.034999999999999587e-03 -5.383750000000000480e-01 7.544865107674209037e-01 1.662190335527527763e-01 -3.869657547125463992e+01 3.839049999999999963e-01 2.318190478027150059e-01
4.591836734693877098e+00 -3.356499999999999762e-02 -5.012824999999999642e-01 6.625571483004445428e-01 1.518040814444069908e-01 -3.685900661573617754e+01 3.596150000000000180e-01 2.158641270737777229e-01
4.673469387755101678e+00 2.755499999999999963e-02 -5.049150000000000027e-01 6.801588472855896184e-01 1.507809083740661305e-01 -3.734162892855091087e+01 3.694775000000000142e-01 2.153928801882096511e-01
4.755102040816326259e+00 -2.138125000000000095e-02 -4.982725000000000071e-01 6.427702177870172617e-01 1.424997967693621137e-01 -3.706804999207126627e+01 3.589787500000000131e-01 2.107001288668455263e-01
4.836734693877550839e+00 7.191249999999999726e-03 -4.676325000000000065e-01 5.847581589197258234e-01 1.277279302348110213e-01 -3.492970556207007604e+01 3.434962500000000030e-01 1.946173977593881887e-01
4.918367346938775420e+00 -6.082500000000000233e-03 -4.768950000000000133e-01 5.950273423398340089e-01 1.249093180761970123e-01 -3.502103521451147117e+01 3.526225000000000054e-01 1.906471993157676237e-01
5.000000000000000000e+00 -3.163124999999999964e-02 -4.742149999999999976e-01 5.911167848749999676e-01 1.217688856159999805e-01 -3.504089165433461517e+01 3.558412499999999978e-01 1.891249153549999507e-01
