# T, |M|, E, X, C, Domain Size
1.000000000000000000e+00 1.000000000000000000e+00 -2.000000000000000000e+00 0.000000000000000000e+00 0.000000000000000000e+00 1.000000000000000000e+00
1.081632653061224580e+00 9.994444444444444686e-01 -1.997777777777777874e+00 1.016981132069816806e-03 1.504364542540752823e-02 9.994598765432098908e-01
1.163265306122448939e+00 9.977777777777777635e-01 -1.992222222222222117e+00 5.578167641325431324e-03 5.422592934578242263e-02 9.978703703703704075e-01
1.244897959183673519e+00 9.988888888888889372e-01 -1.995555555555555527e+00 1.749362477228520989e-03 2.248360954343275181e-02 9.989197530864197816e-01
1.326530612244897878e+00 9.899999999999999911e-01 -1.963333333333333375e+00 2.073914529914457766e-02 1.871801288625750126e-01 9.904166666666668339e-01
1.408163265306122458e+00 9.938888888888889328e-01 -1.975555555555555509e+00 7.724798711750966058e-03 8.777162594225687564e-02 9.940586419753087988e-01
1.489795918367347038e+00 9.877777777777777546e-01 -1.953333333333333366e+00 1.578143074581515176e-02 1.448980296490851027e-01 9.881790123456792863e-01
1.571428571428571397e+00 9.749999999999999778e-01 -1.913333333333333330e+00 5.285353535353853188e-02 3.044569329660215540e-01 9.763888888888891948e-01
1.653061224489795755e+00 9.911111111111111649e-01 -1.967777777777777848e+00 1.441097393689541074e-02 9.854635302883212045e-02 9.914814814814816302e-01
1.734693877551020336e+00 9.744444444444444464e-01 -1.905555555555555447e+00 4.665568627451029821e-02 3.289951557093456214e-01 9.756790123456792196e-01
1.816326530612244916e+00 9.672222222222222054e-01 -1.893333333333333313e+00 5.639588014981104791e-02 2.692229320091434897e-01 9.691358024691359985e-01
1.897959183673469274e+00 9.533333333333333659e-01 -1.874444444444444358e+00 2.092540023894831902e-01 4.852647370922822390e-01 9.594907407407410327e-01
1.979591836734693855e+00 9.411111111111111205e-01 -1.812222222222222179e+00 1.535894616265762180e-01 4.506953814905367284e-01 9.466049382716054117e-01
2.061224489795918213e+00 8.894444444444444819e-01 -1.678888888888888875e+00 1.859682068206805206e-01 5.521131000228723940e-01 8.998302469135800452e-01
2.142857142857142794e+00 7.916666666666666297e-01 -1.516666666666666607e+00 1.060240740740741927e+00 1.719718518518517536e+00 8.402932098765435454e-01
2.224489795918366930e+00 8.516666666666666829e-01 -1.583333333333333259e+00 3.946522935779802621e-01 8.485423972916638080e-01 8.722376543209875432e-01
2.306122448979591510e+00 7.738888888888888484e-01 -1.394444444444444375e+00 5.495082595870223185e-01 8.580596235674969874e-01 8.112191358024691823e-01
2.387755102040816091e+00 6.683333333333333348e-01 -1.281111111111111089e+00 1.164696961063627079e+00 1.282271705586806698e+00 7.554629629629632248e-01
2.469387755102040671e+00 6.049999999999999822e-01 -1.198888888888888893e+00 1.396562993572084022e+00 1.175338232816519390e+00 7.229475308641976072e-01
2.551020408163265252e+00 6.766666666666666385e-01 -1.265555555555555545e+00 9.263221333333340191e-01 8.098365980444451884e-01 7.547067901234565390e-01
2.632653061224489832e+00 7.916666666666666297e-01 -1.445555555555555483e+00 4.164577950043079624e-01 6.444540565804679488e-01 8.240432098765432256e-01
2.714285714285714413e+00 6.261111111111110628e-01 -1.157777777777777795e+00 9.692380116959069536e-01 9.509589412126803198e-01 7.216358024691353901e-01
2.795918367346938549e+00 4.855555555555555736e-01 -9.566666666666666652e-01 8.779623682076230784e-01 5.104383208718864529e-01 6.385648148148151959e-01
2.877551020408163129e+00 3.499999999999999778e-01 -7.633333333333333082e-01 5.602758077226165367e-01 3.216791710678540417e-01 5.599537037037040088e-01
2.959183673469387710e+00 4.472222222222222432e-01 -8.533333333333333881e-01 9.036839080459768692e-01 6.018252894702070810e-01 6.199382716049383069e-01
3.040816326530612290e+00 4.577777777777777835e-01 -8.455555555555555047e-01 7.308856077554066744e-01 5.151655410917429512e-01 6.133487654320988192e-01
3.122448979591836427e+00 3.277777777777777790e-01 -7.444444444444444642e-01 6.622294843863472114e-01 3.815506856337305686e-01 5.571759259259264629e-01
3.204081632653061007e+00 4.211111111111111027e-01 -8.188888888888888884e-01 7.325239915074313046e-01 4.438799518574114700e-01 5.993364197530864912e-01
3.285714285714285587e+00 2.661111111111111316e-01 -6.977777777777778301e-01 5.236777777777773535e-01 3.071778197857590875e-01 5.362037037037039600e-01
3.367346938775510168e+00 2.244444444444444464e-01 -5.922222222222222054e-01 3.147350841750842232e-01 2.367869580655037054e-01 5.052160493827161369e-01
3.448979591836734304e+00 3.766666666666666496e-01 -7.377777777777777546e-01 4.958503616042078677e-01 3.037722831055559292e-01 5.702777777777778834e-01
3.530612244897958885e+00 3.483333333333333282e-01 -7.077777777777777279e-01 5.758239563262683713e-01 3.591538953300593695e-01 5.607407407407409838e-01
3.612244897959183465e+00 2.505555555555555314e-01 -5.455555555555555713e-01 4.198650973006906040e-01 2.807310500388352503e-01 5.094907407407408551e-01
3.693877551020408045e+00 2.738888888888889039e-01 -5.755555555555555980e-01 2.552301411909145834e-01 1.539902472112844312e-01 5.202777777777779500e-01
3.775510204081632626e+00 2.327777777777777779e-01 -5.366666666666666252e-01 3.971177777777778473e-01 2.507157678759842634e-01 5.057870370370373125e-01
3.857142857142856762e+00 2.683333333333333126e-01 -5.388888888888888618e-01 3.848876543209879819e-01 2.135208047553727451e-01 5.150771604938272352e-01
3.938775510204081343e+00 2.855555555555555625e-01 -6.144444444444444597e-01 4.705466896948762856e-01 2.638227317064441579e-01 5.336111111111113692e-01
4.020408163265305923e+00 3.449999999999999734e-01 -6.377777777777777768e-01 4.854648054145516700e-01 2.241623495122836984e-01 5.548919753086422046e-01
4.102040816326530503e+00 2.422222222222222276e-01 -4.677777777777777923e-01 2.576061912658928477e-01 1.063360466875131888e-01 5.016975308641976605e-01
4.183673469387754196e+00 3.477777777777777968e-01 -6.188888888888889328e-01 4.002968021680217148e-01 1.844775474915723856e-01 5.503549382716050875e-01
4.265306122448979664e+00 2.755555555555555536e-01 -4.988888888888888817e-01 3.000540138224348508e-01 1.155497549150533987e-01 5.118672839506173133e-01
4.346938775510203357e+00 2.627777777777777768e-01 -5.333333333333333259e-01 3.148345852895149122e-01 1.453579904046081728e-01 5.135648148148151959e-01
4.428571428571428825e+00 2.716666666666666674e-01 -4.822222222222222188e-01 2.929939068100358424e-01 1.551049138628743662e-01 5.108641975308642058e-01
4.510204081632652517e+00 2.416666666666666685e-01 -4.633333333333333193e-01 2.243677727501257324e-01 1.433513382426877536e-01 4.990123456790123702e-01
4.591836734693877098e+00 2.211111111111111194e-01 -4.400000000000000022e-01 1.892150123456790567e-01 9.355587072702334361e-02 4.861111111111112160e-01
4.673469387755101678e+00 2.244444444444444464e-01 -4.433333333333333570e-01 2.039503153808830682e-01 1.373523252586504317e-01 4.887654320987656065e-01
4.755102040816326259e+00 2.133333333333333470e-01 -4.266666666666666941e-01 1.839988555078682919e-01 1.174335246960198503e-01 4.872993827160495006e-01
4.836734693877550839e+00 1.938888888888888884e-01 -4.477777777777777746e-01 1.775738865447726300e-01 9.630388529853366186e-02 4.862500000000001821e-01
4.918367346938775420e+00 3.044444444444444620e-01 -4.933333333333333459e-01 3.097143384047947867e-01 1.735569015684991501e-01 5.205401234567902380e-01
5.000000000000000000e+00 2.455555555555555547e-01 -4.533333333333333104e-01 2.027466666666667139e-01 1.118862222222222896e-01 4.926234567901233152e-01
