# T, M, E, X, C, U, Mabs, Xabs_arr
1.000000000000000000e+00 -9.992827777777777394e-01 -1.999521111111111180e+00 2.918719783544446500e-03 3.294200099511101598e-02 -4.243591038103297706e+02 8.713094444444444697e-01 2.917046895011111474e-03
1.081632653061224580e+00 -9.985972222222222472e-01 -1.994504444444444413e+00 2.766644523056526871e-03 3.819935190353988819e-02 -4.299595966582793380e+02 9.985972222222222472e-01 2.766644523056526871e-03
1.163265306122448939e+00 -9.981094444444444935e-01 -1.992808888888888852e+00 4.031941512474390872e-03 4.634044843359036436e-02 -4.296310596796317327e+02 9.981094444444444935e-01 4.031941512474390872e-03
1.244897959183673519e+00 -9.962533333333333241e-01 -1.985965555555555540e+00 7.666121081240757744e-03 7.803182861763369171e-02 -4.283025040109315569e+02 9.962533333333333241e-01 7.666121081240757744e-03
1.326530612244897878e+00 -9.936777777777777709e-01 -1.976013333333333399e+00 1.134367254700783742e-02 1.145700562540894751e-01 -4.264038765876424577e+02 9.936777777777777709e-01 1.134367254700783742e-02
1.408163265306122458e+00 -9.903955555555555845e-01 -1.965016666666666634e+00 1.946684826795278336e-02 1.643049597869340184e-01 -4.242610530348219982e+02 9.903955555555555845e-01 1.946684826795278336e-02
1.489795918367347038e+00 -9.894905555555555399e-01 -1.960721111111111137e+00 1.785216262389824685e-02 1.516504620370629497e-01 -4.234578587653155637e+02 9.894905555555555399e-01 1.785216262389824685e-02
1.571428571428571397e+00 -9.817366666666667019e-01 -1.935383333333333233e+00 3.809202107878852800e-02 2.530847025803572570e-01 -4.185949410662296373e+02 9.817366666666667019e-01 3.809202107878852800e-02
1.653061224489795755e+00 -9.755138888888889026e-01 -1.915567777777777758e+00 5.707319950274379605e-02 3.049223545291449566e-01 -4.149035883628493480e+02 9.755138888888889026e-01 5.707319950274379605e-02
1.734693877551020336e+00 -9.682894444444444249e-01 -1.887296666666666622e+00 5.280270590732151492e-02 3.312969625400167817e-01 -4.090874845326716240e+02 9.682894444444444249e-01 5.280270590732151492e-02
1.816326530612244916e+00 -9.596788888888888591e-01 -1.863242222222222244e+00 8.115668687690258398e-02 4.009193602585297000e-01 -4.046602798637802039e+02 9.596788888888888591e-01 8.115668687690258398e-02
1.897959183673469274e+00 -9.531638888888889216e-01 -1.837807777777777707e+00 7.563309220728495208e-02 4.032959866069155130e-01 -3.993585268990174200e+02 9.531638888888889216e-01 7.563309220728495208e-02
1.979591836734693855e+00 -9.301688888888889339e-01 -1.779800000000000049e+00 1.717307747555533726e-01 5.598957864342610780e-01 -3.890138881890264315e+02 9.301688888888889339e-01 1.717307747555533726e-01
2.061224489795918213e+00 -1.701833333333333323e-02 -1.659051111111111032e+00 1.370098066515280699e+01 9.331790184591265414e-01 -3.708152547258425216e+02 8.660883333333333489e-01 6.051253992993396169e-01
2.142857142857142794e+00 -5.821838888888888341e-01 -1.613375555555555563e+00 6.997189210868890896e+00 8.995639864185641654e-01 -3.585957476413217364e+02 8.530394444444444613e-01 4.663872274911126103e-01
2.224489795918366930e+00 3.034999999999999851e-02 -1.589957777777777803e+00 1.207736996859327405e+01 9.070754720944044225e-01 -3.579544477908262365e+02 8.437066666666667158e-01 5.722088954519872761e-01
2.306122448979591510e+00 5.036666666666666722e-03 -1.532044444444444542e+00 1.110828654617069944e+01 9.242712764921988677e-01 -3.470650429692383909e+02 8.212522222222222723e-01 5.800188852228109759e-01
2.387755102040816091e+00 -1.293616666666666803e-01 -1.370425555555555563e+00 8.592646104287846143e+00 9.959990208576571247e-01 -3.165124255362117651e+02 7.290849999999999831e-01 8.305863120758790741e-01
2.469387755102040671e+00 2.059855555555555606e-01 -1.252038888888888923e+00 6.731300716737924184e+00 1.054498943583922044e+00 -3.002921640585389014e+02 6.556322222222221718e-01 1.083241519453076673e+00
2.551020408163265252e+00 -1.841688888888888820e-01 -1.233865555555555549e+00 6.432605440108090100e+00 9.824080350781411175e-01 -2.974926010425632512e+02 6.410444444444444168e-01 1.112102020835556759e+00
2.632653061224489832e+00 1.217272222222222228e-01 -1.173457777777777711e+00 6.156447558986305246e+00 8.508984292820446216e-01 -2.763176820125316340e+02 6.338938888888888679e-01 8.643936032757111310e-01
2.714285714285714413e+00 1.068216666666666620e-01 -1.066183333333333261e+00 4.924147487200584372e+00 7.813523457032934827e-01 -2.567227289643756762e+02 5.579838888888888349e-01 9.460602108263163057e-01
2.795918367346938549e+00 2.261666666666666600e-03 -1.040154444444444382e+00 4.751900488320438320e+00 7.419954205866151620e-01 -2.531311694025648364e+02 5.442572222222221701e-01 9.379160596203580669e-01
2.877551020408163129e+00 7.810777777777777597e-02 -9.208911111111111047e-01 3.421606007173838115e+00 6.447026026081765782e-01 -2.337760135268396766e+02 4.498933333333333118e-01 9.657278450483851584e-01
2.959183673469387710e+00 1.836133333333333228e-01 -8.785199999999999676e-01 2.657636489901609611e+00 5.702941927888520723e-01 -2.156633316687718604e+02 4.263344444444444603e-01 8.565656972723370011e-01
3.040816326530612290e+00 -6.017722222222222223e-02 -8.296144444444444321e-01 2.549596406988143382e+00 4.763157828045603837e-01 -2.008882164965750121e+02 3.920338888888889040e-01 7.729373751581656293e-01
3.122448979591836427e+00 2.076766666666666761e-01 -7.987488888888888416e-01 1.958305115535512009e+00 4.280805962943485254e-01 -1.893331994326320000e+02 3.910411111111111171e-01 6.925653314506895475e-01
3.204081632653061007e+00 -1.416233333333333233e-01 -7.720988888888888901e-01 2.026938140260722054e+00 3.935872276220878652e-01 -1.882846722341290331e+02 3.726222222222222435e-01 6.922513374663835650e-01
3.285714285714285587e+00 3.738944444444444737e-02 -7.553788888888889330e-01 2.168253974779227100e+00 4.005098610570048678e-01 -1.880908076667485886e+02 3.726305555555555760e-01 6.622191393357486078e-01
3.367346938775510168e+00 -1.340472222222222343e-01 -7.079100000000000392e-01 1.602922477439393978e+00 3.293094299658220203e-01 -1.655099721735142850e+02 3.388149999999999773e-01 5.677543955043100610e-01
3.448979591836734304e+00 3.042777777777777928e-02 -7.019311111111110613e-01 1.717819020900723359e+00 2.918465359581343121e-01 -1.627051385911281898e+02 3.385633333333333272e-01 5.310407267321500813e-01
3.530612244897958885e+00 4.865555555555555259e-03 -6.646211111111111070e-01 1.634579253331021054e+00 2.803095079633934894e-01 -1.537899614596291258e+02 3.340388888888888852e-01 4.970714430250482985e-01
3.612244897959183465e+00 1.806444444444444547e-02 -6.502999999999999892e-01 1.474914486971500516e+00 2.502359277589454312e-01 -1.444468087939985992e+02 3.204122222222222094e-01 4.550068804999373717e-01
3.693877551020408045e+00 9.711500000000000687e-02 -6.291511111111111054e-01 1.259194157446224871e+00 2.399187083855181812e-01 -1.463776665813992963e+02 3.059683333333333421e-01 4.387363382197052020e-01
3.775510204081632626e+00 -8.115000000000000685e-03 -6.281233333333333668e-01 1.341818164684624781e+00 2.213635034076830155e-01 -1.378141422728733403e+02 3.109416666666666718e-01 4.205442127192191015e-01
3.857142857142856762e+00 -3.381222222222222268e-02 -6.053655555555556012e-01 1.229927127033745071e+00 2.160399193532082096e-01 -1.386495599282287401e+02 2.992255555555555779e-01 4.049289042584360843e-01
3.938775510204081343e+00 -8.231666666666666646e-03 -5.691133333333333599e-01 1.115333533047726089e+00 1.848575728882755065e-01 -1.237502090738338865e+02 2.874483333333333057e-01 3.607548026021302756e-01
4.020408163265305923e+00 9.532222222222221444e-03 -5.775366666666666982e-01 1.182384103145177834e+00 1.982670747270088574e-01 -1.347428199218109057e+02 2.988011111111111284e-01 3.837376632128594589e-01
4.102040816326530503e+00 6.500555555555555427e-03 -5.396311111111110614e-01 9.422187696711442628e-01 1.611392816527380811e-01 -1.158896557081690588e+02 2.680549999999999877e-01 3.119948775539525543e-01
4.183673469387754196e+00 6.360000000000000202e-03 -5.297777777777777919e-01 9.250125540110570865e-01 1.616426647207350187e-01 -1.161096558069906308e+02 2.679455555555555479e-01 3.075749408674255392e-01
4.265306122448979664e+00 -1.892166666666666650e-02 -4.987944444444444292e-01 8.009082159187134176e-01 1.459031498391368253e-01 -1.078363538054038031e+02 2.490061111111111225e-01 2.806040603121210952e-01
4.346938775510203357e+00 -6.238666666666666666e-02 -5.273900000000000254e-01 8.992474079716225033e-01 1.590238246926306553e-01 -1.195953632001346421e+02 2.733855555555555483e-01 3.125098207113198301e-01
4.428571428571428825e+00 -5.663888888888889313e-03 -4.984888888888888703e-01 7.485131662455196677e-01 1.313835666366053867e-01 -1.032653930210627493e+02 2.462761111111111123e-01 2.557325048519712429e-01
4.510204081632652517e+00 -3.843166666666666953e-02 -4.881933333333333125e-01 7.126729558008547682e-01 1.252166939758937170e-01 -9.810846565614488668e+01 2.446816666666666584e-01 2.465928268415787383e-01
4.591836734693877098e+00 1.354444444444444402e-02 -4.777555555555555444e-01 7.037861908345679485e-01 1.253754896150123255e-01 -1.035681249645444524e+02 2.425311111111111140e-01 2.440651498437530764e-01
4.673469387755101678e+00 1.807999999999999885e-02 -4.542577777777777603e-01 6.497345034030083122e-01 1.173706148142577427e-01 -9.816015747545490910e+01 2.334077777777777696e-01 2.325962290226104567e-01
4.755102040816326259e+00 -3.691111111111111155e-03 -4.533844444444444233e-01 6.250994661867430580e-01 1.090837264626834668e-01 -9.131640262738643798e+01 2.333366666666666644e-01 2.130019951471626427e-01
4.836734693877550839e+00 9.966111111111111351e-03 -4.424366666666666448e-01 5.879956175185654388e-01 1.063232334460099821e-01 -9.550272273921338240e+01 2.250505555555555592e-01 2.117617395326301111e-01
4.918367346938775420e+00 1.400222222222222146e-02 -4.293477777777777726e-01 5.528062038181650317e-01 1.023576619838050122e-01 -9.104444288649415284e+01 2.209500000000000075e-01 1.969112235638543484e-01
5.000000000000000000e+00 -2.429555555555555635e-02 -4.399955555555555287e-01 5.843629159466666723e-01 1.060557653048889298e-01 -9.882058509434737914e+01 2.292066666666666697e-01 2.103558773688888606e-01
