# T, |M|, E, X, C, Domain Size
1.000000000000000000e+00 9.993125000000000480e-01 -1.997312500000000046e+00 1.469749999991165623e-03 2.178774999998722706e-02 9.993242187499999929e-01
1.081632653061224580e+00 9.989687499999999609e-01 -1.996250000000000080e+00 3.230706367933255333e-03 3.384820220717301570e-02 9.989956054687499920e-01
1.163265306122448939e+00 9.971250000000000391e-01 -1.988937500000000025e+00 5.347877192979430191e-03 6.386242466911506988e-02 9.971777343750000133e-01
1.244897959183673519e+00 9.968437500000000284e-01 -1.987624999999999975e+00 5.361835040979084401e-03 6.368618624024643959e-02 9.968994140625000444e-01
1.326530612244897878e+00 9.955625000000000169e-01 -1.982812500000000089e+00 7.436503846152658047e-03 8.145996301774321990e-02 9.956450195312499529e-01
1.408163265306122458e+00 9.894062500000000426e-01 -1.961500000000000021e+00 2.246183967390798578e-02 1.841402091997513535e-01 9.896796875000000160e-01
1.489795918367347038e+00 9.880312500000000275e-01 -1.956562499999999982e+00 2.216373202054446045e-02 1.714328192437602760e-01 9.883349609374999512e-01
1.571428571428571397e+00 9.810312500000000213e-01 -1.931875000000000009e+00 3.716964204545224887e-02 2.589609504132249773e-01 9.815791015624999449e-01
1.653061224489795755e+00 9.739375000000000115e-01 -1.912250000000000005e+00 6.255228086419800659e-02 3.102146160646188644e-01 9.749550781250000409e-01
1.734693877551020336e+00 9.687187499999999618e-01 -1.893187500000000023e+00 7.159040514706180303e-02 3.396558449481026920e-01 9.699809570312499796e-01
1.816326530612244916e+00 9.563437500000000480e-01 -1.862187500000000107e+00 1.550998307584264269e-01 4.353517540398818553e-01 9.591796875000000444e-01
1.897959183673469274e+00 9.402500000000000302e-01 -1.811687499999999895e+00 1.893565483870942312e-01 5.770583082148323939e-01 9.440751953124999485e-01
1.979591836734693855e+00 9.004062499999999636e-01 -1.723875000000000046e+00 4.619017519329906563e-01 8.493244679562104160e-01 9.109208984375000151e-01
2.061224489795918213e+00 8.651250000000000329e-01 -1.660312500000000080e+00 7.804870396039600422e-01 1.008190220934216397e+00 8.842978515624999591e-01
2.142857142857142794e+00 8.361562500000000453e-01 -1.593062500000000048e+00 7.882569041666622756e-01 1.032586745555554186e+00 8.591391601562500258e-01
2.224489795918366930e+00 8.207187500000000524e-01 -1.567125000000000101e+00 9.780285086009152806e-01 1.088469028785451709e+00 8.498750000000000471e-01
2.306122448979591510e+00 7.857812499999999867e-01 -1.494687499999999947e+00 9.920325082964600583e-01 1.013490088789258392e+00 8.207900390625000320e-01
2.387755102040816091e+00 7.226875000000000382e-01 -1.385375000000000023e+00 1.315412433760682065e+00 1.133693477317554432e+00 7.766762695312500187e-01
2.469387755102040671e+00 5.956249999999999600e-01 -1.223249999999999948e+00 1.732575206611570939e+00 9.973479478177724733e-01 6.978540039062499645e-01
2.551020408163265252e+00 5.487499999999999600e-01 -1.139375000000000027e+00 1.706532800000000183e+00 9.582909616000010455e-01 6.676152343750000329e-01
2.632653061224489832e+00 5.482500000000000151e-01 -1.121312499999999934e+00 1.563633302325581065e+00 9.782159293161497571e-01 6.641850585937499885e-01
2.714285714285714413e+00 4.700312500000000115e-01 -1.007624999999999993e+00 1.467819845394735978e+00 7.394492271468139366e-01 6.183041992187500169e-01
2.795918367346938549e+00 4.052187500000000164e-01 -9.619375000000000009e-01 1.511308229470803122e+00 6.603459656747832085e-01 5.908168945312499698e-01
2.877551020408163129e+00 3.745312499999999822e-01 -8.806874999999999565e-01 1.252470733599291286e+00 6.121976047356777473e-01 5.671645507812500542e-01
2.959183673469387710e+00 3.677812500000000040e-01 -8.712499999999999689e-01 1.191537203017241309e+00 5.378240000000003018e-01 5.631899414062500053e-01
3.040816326530612290e+00 3.516562500000000036e-01 -8.221874999999999600e-01 1.112057281459731817e+00 5.238966372573312658e-01 5.532856445312499538e-01
3.122448979591836427e+00 2.945312500000000222e-01 -7.600624999999999742e-01 8.541047283496731035e-01 3.754755935644411013e-01 5.252392578125000266e-01
3.204081632653061007e+00 2.942500000000000115e-01 -7.395000000000000462e-01 7.977899108280255280e-01 3.551913685747896676e-01 5.223974609374999467e-01
3.285714285714285587e+00 2.668749999999999734e-01 -7.201250000000000151e-01 6.879858695652175671e-01 3.096428563327029426e-01 5.094794921874999938e-01
3.367346938775510168e+00 2.903749999999999942e-01 -7.221874999999999822e-01 7.248053272727272844e-01 3.188319648760334912e-01 5.182080078124999822e-01
3.448979591836734304e+00 2.547187499999999938e-01 -6.708125000000000338e-01 6.376559730029586204e-01 2.964095279489509238e-01 5.015761718750000320e-01
3.530612244897958885e+00 2.496250000000000135e-01 -6.591875000000000373e-01 5.497250520231212745e-01 2.524582026713217964e-01 4.971005859375000058e-01
3.612244897959183465e+00 2.436875000000000013e-01 -6.412499999999999867e-01 5.019246483050846530e-01 2.300373966612404009e-01 4.933315429687499809e-01
3.693877551020408045e+00 2.204062499999999980e-01 -6.133125000000000382e-01 5.043851377762432753e-01 2.252523460135525402e-01 4.853881835937500222e-01
3.775510204081632626e+00 2.075625000000000109e-01 -5.917499999999999982e-01 3.925932310810809067e-01 1.977444658582908910e-01 4.769086914062499738e-01
3.857142857142856762e+00 2.071562499999999862e-01 -5.841874999999999707e-01 4.076423912037038799e-01 1.903974482167354876e-01 4.760893554687499751e-01
3.938775510204081343e+00 2.007187500000000013e-01 -5.499374999999999680e-01 3.818139504533678563e-01 1.996364076820856814e-01 4.717124023437500036e-01
4.020408163265305923e+00 2.156250000000000111e-01 -5.484999999999999876e-01 3.459847715736039664e-01 1.628623993403593151e-01 4.721845703124999960e-01
4.102040816326530503e+00 1.978437500000000127e-01 -5.361875000000000391e-01 3.108123479477611362e-01 1.593261637026309463e-01 4.662314453124999925e-01
4.183673469387754196e+00 2.027187500000000031e-01 -5.437499999999999556e-01 3.383364996951219728e-01 1.417461273051758563e-01 4.709291992187499831e-01
4.265306122448979664e+00 1.826250000000000095e-01 -5.166874999999999662e-01 2.661541674641147992e-01 1.426071066997095238e-01 4.604638671874999867e-01
4.346938775510203357e+00 1.871562499999999962e-01 -5.078125000000000000e-01 2.838905724765259375e-01 1.345184342557695090e-01 4.599731445312499889e-01
4.428571428571428825e+00 1.824375000000000024e-01 -4.862500000000000155e-01 2.574723629032257821e-01 1.316983350676377840e-01 4.572773437500000093e-01
4.510204081632652517e+00 1.834999999999999964e-01 -4.881249999999999756e-01 2.858742036199095060e-01 1.353840825331178166e-01 4.553676757812499809e-01
4.591836734693877098e+00 1.759999999999999898e-01 -4.749999999999999778e-01 2.281572844444444970e-01 1.151768592592593565e-01 4.512485351562500191e-01
4.673469387755101678e+00 1.869375000000000064e-01 -4.728125000000000244e-01 2.491949028384278786e-01 1.144136066007511998e-01 4.546347656249999925e-01
4.755102040816326259e+00 1.734374999999999944e-01 -4.521875000000000200e-01 2.157353809012876045e-01 1.065385979434139152e-01 4.482202148437500200e-01
4.836734693877550839e+00 1.801875000000000004e-01 -4.541875000000000218e-01 2.345751466244725969e-01 1.060283613336537450e-01 4.509057617187500200e-01
4.918367346938775420e+00 1.655312499999999909e-01 -4.315625000000000155e-01 2.054644084543568450e-01 1.015692221853962129e-01 4.427197265625000266e-01
5.000000000000000000e+00 1.744687500000000058e-01 -4.224999999999999867e-01 1.859388875000000108e-01 1.028040000000000759e-01 4.430395507812500133e-01
