# T, M, E, X, C, U
1.000000000000000000e+00 -9.989375000000000338e-01 -1.996056250000000087e+00 2.665249999992624907e-03 3.422959749997289691e-02 -1.361708100597748626e+03
1.081632653061224580e+00 -9.986218749999999922e-01 -1.994718750000000096e+00 2.863448478772325813e-03 3.695944817993686293e-02 -1.360893232772156580e+03
1.163265306122448939e+00 -9.974218750000000133e-01 -1.989875000000000060e+00 4.389247532894707295e-03 5.667291135733153878e-02 -1.357833793920381822e+03
1.244897959183673519e+00 -9.947749999999999648e-01 -1.980437500000000073e+00 1.145897934426385635e-02 1.217326680327713712e-01 -1.351566707651106299e+03
1.326530612244897878e+00 -9.950406250000000119e-01 -1.981537499999999952e+00 9.324808836537867157e-03 9.097358312663102187e-02 -1.352100020777734244e+03
1.408163265306122458e+00 -9.888812500000000449e-01 -1.958312499999999901e+00 2.173959387680604594e-02 2.056699071098629650e-01 -1.337285815812662349e+03
1.489795918367347038e+00 -9.923874999999999780e-01 -1.969999999999999973e+00 9.106072739729999255e-03 9.191292925502317357e-02 -1.345042103356908683e+03
1.571428571428571397e+00 -9.773500000000000520e-01 -1.918281249999999938e+00 4.221735636363503630e-02 2.927794292355482830e-01 -1.309905833975694577e+03
1.653061224489795755e+00 -9.776812499999999462e-01 -1.919656250000000064e+00 3.214182070988123863e-02 2.106217645842778652e-01 -1.309525554158006344e+03
1.734693877551020336e+00 -9.657312500000000410e-01 -1.878137500000000015e+00 5.439246585293856795e-02 3.450195426975831703e-01 -1.282063877222295332e+03
1.816326530612244916e+00 -9.632437499999999542e-01 -1.867093749999999996e+00 4.854418851123558365e-02 3.203731314780290940e-01 -1.274947295411168170e+03
1.897959183673469274e+00 -9.470062500000000494e-01 -1.815262500000000001e+00 9.505151588709290222e-02 5.022588828292303686e-01 -1.241483173927060534e+03
1.979591836734693855e+00 -8.643062500000000536e-01 -1.647062500000000096e+00 4.657999090463896263e-01 9.730436547720229257e-01 -1.107027244408180195e+03
2.061224489795918213e+00 -9.208625000000000282e-01 -1.762193750000000003e+00 1.735057931683139654e-01 5.003850164687269064e-01 -1.191630382420033811e+03
2.142857142857142794e+00 -7.544718750000000140e-01 -1.524762500000000021e+00 1.587507319708331588e+00 9.886907249333332093e-01 -1.014824270904383070e+03
2.224489795918366930e+00 -8.889031250000000162e-01 -1.659100000000000019e+00 2.569399286181179298e-01 7.184670999208838671e-01 -1.131995597513561279e+03
2.306122448979591510e+00 -8.870562499999999906e-01 -1.642706250000000034e+00 1.898576104203556214e-01 6.351039452014640707e-01 -1.117178636799674450e+03
2.387755102040816091e+00 -5.117968750000000400e-01 -1.111131249999999904e+00 1.823846844951921620e+00 1.027193560457119847e+00 -7.172480263690725906e+02
2.469387755102040671e+00 7.264687499999999964e-01 -1.332293750000000054e+00 6.803809705578505174e-01 1.062509372056381851e+00 -8.886677058489995034e+02
2.551020408163265252e+00 2.798249999999999904e-01 -1.044293750000000021e+00 3.768377355680000651e+00 8.383079710129585083e-01 -7.257595357004166772e+02
2.632653061224489832e+00 -5.666968749999999888e-01 -1.185806249999999951e+00 2.070123310072674805e+00 7.375909798327940914e-01 -7.850862516619537246e+02
2.714285714285714413e+00 -3.767750000000000266e-01 -1.049537500000000012e+00 2.617875053684210584e+00 6.607054548199442490e-01 -7.096769665877907300e+02
2.795918367346938549e+00 1.066562499999999976e-02 -8.296249999999999458e-01 2.317928330834853945e+00 3.629107214555916672e-01 -2.808375473509022413e+02
2.877551020408163129e+00 -3.678812499999999930e-01 -9.711250000000000160e-01 2.476591777854610044e+00 4.468423916804984408e-01 -5.758062515587330381e+02
2.959183673469387710e+00 -1.348406249999999917e-01 -9.044375000000000053e-01 5.132414983409482545e+00 5.750740161593340671e-01 -5.790514848684649678e+02
3.040816326530612290e+00 -2.328156249999999983e-01 -8.055124999999999647e-01 1.925706371438758557e+00 4.601628476730787454e-01 -4.955907264852715457e+02
3.122448979591836427e+00 1.763906249999999953e-01 -8.066187500000000510e-01 2.505980093035130807e+00 3.916137052115635786e-01 -4.291307070273592785e+02
3.204081632653061007e+00 -2.542093750000000152e-01 -8.422312499999999869e-01 2.799202165441879053e+00 3.705728450800238605e-01 -4.472136668776278157e+02
3.285714285714285587e+00 1.474812500000000082e-01 -7.223500000000000476e-01 1.305562080108695788e+00 2.730726983742903236e-01 -2.841182411522271423e+02
3.367346938775510168e+00 3.062187499999999979e-02 -6.190562499999999746e-01 6.385089028446969683e-01 2.000757486867771051e-01 -1.619076556895682586e+02
3.448979591836734304e+00 -1.180062499999999931e-01 -6.774624999999999675e-01 1.176890001642012074e+00 2.723309438013379880e-01 -2.757276730703189287e+02
3.530612244897958885e+00 4.146562499999999901e-02 -6.369875000000000398e-01 1.538466106614884588e+00 2.440632817397840604e-01 -2.648469328948451675e+02
3.612244897959183465e+00 1.584937499999999888e-01 -6.047937500000000188e-01 8.145842490254239232e-01 2.199973462375914290e-01 -2.633184053360584471e+02
3.693877551020408045e+00 4.873750000000000304e-02 -6.363937499999999803e-01 4.552067486740331015e-01 1.773040900057233915e-01 -1.061465321334424203e+02
3.775510204081632626e+00 -2.012249999999999872e-01 -6.034625000000000128e-01 6.126506975135134203e-01 1.994961056745070682e-01 -2.350826719543007357e+02
3.857142857142856762e+00 -9.667187500000000433e-02 -5.345625000000000515e-01 7.362826487268517850e-01 1.533819475308640101e-01 -1.794923276051693222e+02
3.938775510204081343e+00 -4.044687500000000019e-02 -5.452875000000000361e-01 9.060761295304404772e-01 1.808074832266637066e-01 -1.826031316370771833e+02
4.020408163265305923e+00 -5.687187500000000229e-02 -5.737812500000000204e-01 8.286917308090101519e-01 1.811920064917286466e-01 -2.471872707994444909e+02
4.102040816326530503e+00 9.985312500000000091e-02 -5.202250000000000485e-01 7.430807019869403174e-01 1.499649326689931894e-01 -2.152014977882445521e+02
4.183673469387754196e+00 5.107187500000000269e-02 -4.882250000000000201e-01 7.712594548750001389e-01 1.260047290983938861e-01 -1.678377137812679791e+02
4.265306122448979664e+00 -5.355000000000000038e-02 -5.268687499999999968e-01 7.161234978947368379e-01 1.904690086192510345e-01 -2.509426500052115330e+02
4.346938775510203357e+00 1.808625000000000094e-01 -5.359000000000000430e-01 8.848394441784038777e-01 1.745177643360001640e-01 -2.802823893931326893e+02
4.428571428571428825e+00 -1.151562499999999982e-02 -5.034562500000000496e-01 6.798991013104838110e-01 1.192321679474504653e-01 -1.558409536721760276e+02
4.510204081632652517e+00 7.483125000000000193e-02 -4.869312499999999821e-01 5.342592339253393607e-01 1.388901047951006107e-01 -2.220460862235067907e+02
4.591836734693877098e+00 1.293437499999999969e-02 -5.082437499999999941e-01 8.158035424194445273e-01 1.117988880908147992e-01 -1.805271514504194386e+02
4.673469387755101678e+00 -4.920624999999999999e-02 -4.485124999999999806e-01 4.807327257532751363e-01 1.071244231496348842e-01 -1.597459038577644321e+02
4.755102040816326259e+00 9.687499999999999931e-04 -4.496999999999999886e-01 6.400577550965665941e-01 1.236510904647350334e-01 -1.761843650063521238e+02
4.836734693877550839e+00 5.864062500000000178e-02 -4.510250000000000092e-01 6.614411760944092222e-01 1.124259416539372392e-01 -1.992362208082687403e+02
4.918367346938775420e+00 5.874999999999999667e-02 -4.352687499999999821e-01 6.157099066390041564e-01 9.868842844264913428e-02 -1.964656894992978948e+02
5.000000000000000000e+00 -4.387499999999999907e-03 -3.883499999999999730e-01 3.791335980000000161e-01 8.879175040000006347e-02 -9.331851969002055114e+01
