# H, M up, M down
-2.000000000000000000e+00 -9.925500000000000433e-01 9.950375000000000192e-01
-1.918367346938775420e+00 -9.953250000000000153e-01 9.942874999999999908e-01
-1.836734693877551061e+00 -9.952125000000000554e-01 9.897749999999999604e-01
-1.755102040816326481e+00 -9.954874999999999696e-01 9.951375000000000082e-01
-1.673469387755102122e+00 -9.940875000000000128e-01 9.957125000000000004e-01
-1.591836734693877542e+00 -9.919000000000000039e-01 9.938875000000000348e-01
-1.510204081632652962e+00 -9.940999999999999837e-01 9.930250000000000465e-01
-1.428571428571428603e+00 -9.915125000000000188e-01 9.914874999999999661e-01
-1.346938775510204245e+00 -9.873125000000000373e-01 9.890124999999999611e-01
-1.265306122448979664e+00 -9.885000000000000453e-01 9.891750000000000265e-01
-1.183673469387755084e+00 -9.848500000000000032e-01 9.882750000000000146e-01
-1.102040816326530726e+00 -9.815000000000000391e-01 9.867749999999999577e-01
-1.020408163265306145e+00 -9.862874999999999837e-01 9.843499999999999472e-01
-9.387755102040817867e-01 -9.768124999999999725e-01 9.832125000000000448e-01
-8.571428571428572063e-01 -9.728624999999999634e-01 9.773374999999999702e-01
-7.755102040816328479e-01 -9.785249999999999782e-01 9.824374999999999636e-01
-6.938775510204082675e-01 -9.715875000000000483e-01 9.847375000000000433e-01
-6.122448979591836871e-01 -9.709875000000000034e-01 9.781374999999999931e-01
-5.306122448979593287e-01 -9.760499999999999732e-01 9.703374999999999639e-01
-4.489795918367347483e-01 -9.393375000000000474e-01 9.651374999999999815e-01
-3.673469387755103899e-01 -9.535749999999999504e-01 9.649375000000000036e-01
-2.857142857142858094e-01 -9.450874999999999693e-01 9.579374999999999973e-01
-2.040816326530614511e-01 -9.551374999999999726e-01 5.752374999999999572e-01
-1.224489795918368706e-01 -3.928375000000000061e-01 9.439374999999999849e-01
-4.081632653061229021e-02 8.949375000000000524e-01 9.456999999999999851e-01
4.081632653061229021e-02 5.889250000000000318e-01 2.197000000000000064e-01
1.224489795918364266e-01 2.560000000000000053e-01 -9.575000000000000178e-01
2.040816326530610070e-01 1.790124999999999911e-01 -9.213375000000000314e-01
2.857142857142855874e-01 6.233625000000000416e-01 -8.667249999999999677e-01
3.673469387755101678e-01 9.367499999999999716e-01 -9.528999999999999693e-01
4.489795918367343042e-01 9.665500000000000203e-01 -9.702749999999999986e-01
5.306122448979588846e-01 9.642249999999999988e-01 -9.714125000000000121e-01
6.122448979591834650e-01 9.732874999999999721e-01 -9.794249999999999901e-01
6.938775510204080454e-01 9.826000000000000290e-01 -9.794000000000000483e-01
7.755102040816326259e-01 9.812250000000000139e-01 -9.789750000000000396e-01
8.571428571428567622e-01 9.785374999999999490e-01 -9.844125000000000236e-01
9.387755102040813426e-01 9.785749999999999726e-01 -9.787500000000000089e-01
1.020408163265305923e+00 9.856249999999999734e-01 -9.803374999999999728e-01
1.102040816326530503e+00 9.807624999999999815e-01 -9.867749999999999577e-01
1.183673469387754640e+00 9.897749999999999604e-01 -9.892125000000000501e-01
1.265306122448979220e+00 9.855874999999999497e-01 -9.885749999999999815e-01
1.346938775510203801e+00 9.930250000000000465e-01 -9.861874999999999947e-01
1.428571428571428381e+00 9.901874999999999982e-01 -9.891624999999999446e-01
1.510204081632652962e+00 9.919000000000000039e-01 -9.933125000000000426e-01
1.591836734693877098e+00 9.913374999999999826e-01 -9.910999999999999810e-01
1.673469387755101678e+00 9.870999999999999774e-01 -9.898124999999999840e-01
1.755102040816326259e+00 9.949249999999999483e-01 -9.944749999999999979e-01
1.836734693877550839e+00 9.932874999999999899e-01 -9.900375000000000147e-01
1.918367346938775420e+00 9.947500000000000231e-01 -9.924500000000000544e-01
2.000000000000000000e+00 9.934125000000000316e-01 -9.965000000000000524e-01
