# H, M up, M down
-2.000000000000000000e+00 -9.457624999999999504e-01 9.550750000000000073e-01
-1.918367346938775420e+00 -9.444124999999999881e-01 9.609625000000000528e-01
-1.836734693877551061e+00 -9.449625000000000385e-01 9.484375000000000444e-01
-1.755102040816326481e+00 -9.467250000000000387e-01 9.527999999999999803e-01
-1.673469387755102122e+00 -9.385499999999999954e-01 9.390125000000000277e-01
-1.591836734693877542e+00 -9.372624999999999984e-01 9.319874999999999687e-01
-1.510204081632652962e+00 -9.291875000000000551e-01 9.376750000000000362e-01
-1.428571428571428603e+00 -9.374749999999999472e-01 9.100749999999999673e-01
-1.346938775510204245e+00 -9.198125000000000329e-01 9.173499999999999988e-01
-1.265306122448979664e+00 -8.993250000000000410e-01 9.209874999999999590e-01
-1.183673469387755084e+00 -9.084124999999999561e-01 9.190374999999999517e-01
-1.102040816326530726e+00 -8.684374999999999734e-01 9.208250000000000046e-01
-1.020408163265306145e+00 -9.038374999999999604e-01 8.771124999999999616e-01
-9.387755102040817867e-01 -8.783874999999999877e-01 8.742124999999999480e-01
-8.571428571428572063e-01 -8.460250000000000270e-01 8.810750000000000526e-01
-7.755102040816328479e-01 -8.500625000000000542e-01 8.502625000000000322e-01
-6.938775510204082675e-01 -8.287375000000000158e-01 7.934375000000000178e-01
-6.122448979591836871e-01 -8.131500000000000394e-01 7.495874999999999622e-01
-5.306122448979593287e-01 -7.772499999999999964e-01 7.805999999999999606e-01
-4.489795918367347483e-01 -6.394374999999999920e-01 7.138250000000000428e-01
-3.673469387755103899e-01 -7.027750000000000385e-01 6.780500000000000416e-01
-2.857142857142858094e-01 -5.723749999999999671e-01 5.526999999999999691e-01
-2.040816326530614511e-01 -2.119000000000000050e-01 4.157124999999999848e-01
-1.224489795918368706e-01 -4.222624999999999851e-01 2.880874999999999964e-01
-4.081632653061229021e-02 -1.350250000000000061e-01 2.091125000000000067e-01
4.081632653061229021e-02 2.916500000000000203e-01 -3.382499999999999951e-01
1.224489795918364266e-01 3.543499999999999983e-01 5.922499999999999987e-02
2.040816326530610070e-01 6.189750000000000529e-01 -3.909250000000000225e-01
2.857142857142855874e-01 5.570500000000000451e-01 -5.447874999999999801e-01
3.673469387755101678e-01 7.106375000000000330e-01 -6.347249999999999837e-01
4.489795918367343042e-01 7.416125000000000078e-01 -6.506874999999999742e-01
5.306122448979588846e-01 7.411624999999999464e-01 -7.566374999999999629e-01
6.122448979591834650e-01 7.932875000000000343e-01 -7.901124999999999954e-01
6.938775510204080454e-01 8.398375000000000146e-01 -7.855499999999999705e-01
7.755102040816326259e-01 8.470625000000000515e-01 -8.180625000000000258e-01
8.571428571428567622e-01 8.694749999999999979e-01 -8.393000000000000460e-01
9.387755102040813426e-01 8.576000000000000290e-01 -8.753250000000000197e-01
1.020408163265305923e+00 8.792124999999999524e-01 -8.894999999999999574e-01
1.102040816326530503e+00 8.860875000000000279e-01 -8.752874999999999961e-01
1.183673469387754640e+00 9.112000000000000099e-01 -9.011875000000000302e-01
1.265306122448979220e+00 9.075999999999999623e-01 -9.028125000000000178e-01
1.346938775510203801e+00 9.132500000000000062e-01 -9.241249999999999742e-01
1.428571428571428381e+00 9.176750000000000185e-01 -9.182249999999999579e-01
1.510204081632652962e+00 9.177374999999999838e-01 -9.266999999999999682e-01
1.591836734693877098e+00 9.358625000000000416e-01 -9.276999999999999691e-01
1.673469387755101678e+00 9.481125000000000247e-01 -9.381500000000000394e-01
1.755102040816326259e+00 9.428250000000000242e-01 -9.554124999999999979e-01
1.836734693877550839e+00 9.524000000000000243e-01 -9.497999999999999776e-01
1.918367346938775420e+00 9.501125000000000265e-01 -9.550250000000000128e-01
2.000000000000000000e+00 9.485875000000000279e-01 -9.526999999999999913e-01
