# T, |M|, E, X, C, Domain Size
1.000000000000000000e+00 9.992867187499999693e-01 -1.997198437500000034e+00 1.624442343768350838e-03 2.379696937498465559e-02 9.996433593750000401e-01
1.081632653061224580e+00 9.986687499999999940e-01 -1.994806249999999892e+00 2.674831415098874454e-03 3.631150512289648552e-02 9.993343749999999970e-01
1.163265306122448939e+00 9.974867187499999455e-01 -1.990381249999999991e+00 5.359497365709717243e-03 6.184647146506173920e-02 9.987433593750000282e-01
1.244897959183673519e+00 9.961093749999999636e-01 -1.985095312499999931e+00 7.550769467241304385e-03 8.326935418554401447e-02 9.980546875000000373e-01
1.326530612244897878e+00 9.941078125000000210e-01 -1.977851562499999938e+00 1.154306145190844325e-02 1.111206152922140367e-01 9.970539062500000105e-01
1.408163265306122458e+00 9.910617187500000425e-01 -1.966940625000000109e+00 1.793709789628536791e-02 1.510455925009912825e-01 9.955308593749999657e-01
1.489795918367347038e+00 9.870460937499999643e-01 -1.952807812499999907e+00 2.538942960404126648e-02 1.899671264767564260e-01 9.935230468750000377e-01
1.571428571428571397e+00 9.815882812499999721e-01 -1.934635937499999958e+00 3.903757921876211540e-02 2.490268359452767477e-01 9.907941406250000416e-01
1.653061224489795755e+00 9.746976562500000441e-01 -1.912632812500000057e+00 5.513749868632406015e-02 3.052855341006389667e-01 9.873488281250000220e-01
1.734693877551020336e+00 9.672062500000000451e-01 -1.888476562499999956e+00 7.577304370585995208e-02 3.738164618836736786e-01 9.836023437499999966e-01
1.816326530612244916e+00 9.546328124999999831e-01 -1.853595312499999981e+00 1.195953649929829971e-01 4.522463171473617427e-01 9.773132812500000544e-01
1.897959183673469274e+00 9.378515625000000133e-01 -1.808623437500000097e+00 1.884983156921981595e-01 5.551800040639626177e-01 9.689140625000000062e-01
1.979591836734693855e+00 9.198499999999999455e-01 -1.762578125000000107e+00 2.830698377319814107e-01 6.664786944348284337e-01 9.599054687500000460e-01
2.061224489795918213e+00 8.906281249999999927e-01 -1.700470312500000025e+00 5.923269171039642345e-01 8.258547067076088544e-01 9.452425781250000103e-01
2.142857142857142794e+00 8.416648437499999469e-01 -1.615021875000000051e+00 1.241565677843755156e+00 1.093214364433340968e+00 9.206054687500000444e-01
2.224489795918366930e+00 7.814406249999999998e-01 -1.524476562500000076e+00 2.329421821582564167e+00 1.303907824350577949e+00 8.900460937499999892e-01
2.306122448979591510e+00 6.683203125000000133e-01 -1.397757812500000085e+00 4.409621760923671197e+00 1.464072550257206062e+00 8.322328125000000298e-01
2.387755102040816091e+00 5.536757812500000542e-01 -1.283276562499999995e+00 5.757025768930282617e+00 1.436106323790588224e+00 7.728109374999999615e-01
2.469387755102040671e+00 4.188312499999999883e-01 -1.160415624999999951e+00 5.207122001570247960e+00 1.143321528500619300e+00 7.021855468750000107e-01
2.551020408163265252e+00 3.607445312500000001e-01 -1.091848437499999935e+00 4.664458040698748142e+00 9.454474278124408437e-01 6.712124999999999897e-01
2.632653061224489832e+00 2.923789062500000147e-01 -1.019201562499999936e+00 3.617531236403827233e+00 7.688482963793921154e-01 6.339515624999999543e-01
2.714285714285714413e+00 2.450906250000000064e-01 -9.616937500000000139e-01 2.716108876710526143e+00 6.318239291135712143e-01 6.072964843749999453e-01
2.795918367346938549e+00 2.149070312499999913e-01 -9.060562500000000075e-01 2.115260559433166598e+00 5.330680384618255996e-01 5.898421874999999481e-01
2.877551020408163129e+00 1.907726562500000056e-01 -8.691890625000000536e-01 1.675642654777260265e+00 4.690454401387926797e-01 5.752492187500000131e-01
2.959183673469387710e+00 1.814796874999999865e-01 -8.371656250000000243e-01 1.511776595512931642e+00 4.281318600417323150e-01 5.688562499999999522e-01
3.040816326530612290e+00 1.654054687500000065e-01 -8.013937500000000158e-01 1.284436909512373992e+00 3.867177295711889951e-01 5.588898437499999483e-01
3.122448979591836427e+00 1.521773437499999992e-01 -7.744750000000000245e-01 1.074442827735906825e+00 3.523343075500850463e-01 5.497718750000000210e-01
3.204081632653061007e+00 1.396835937500000013e-01 -7.401515625000000265e-01 8.548304545929539255e-01 3.146851348074714561e-01 5.411468750000000272e-01
3.285714285714285587e+00 1.378109375000000081e-01 -7.200906249999999842e-01 8.160870867663041484e-01 2.973846029820428338e-01 5.387046875000000012e-01
3.367346938775510168e+00 1.297609375000000065e-01 -6.963953124999999744e-01 7.195521543901511885e-01 2.724153737867539560e-01 5.329316406249999805e-01
3.448979591836734304e+00 1.258242187499999942e-01 -6.736921875000000393e-01 6.709011943186021787e-01 2.595190380201785607e-01 5.288566406250000407e-01
3.530612244897958885e+00 1.234601562499999944e-01 -6.557687500000000114e-01 6.101192673329119964e-01 2.461962175385082607e-01 5.263593749999999627e-01
3.612244897959183465e+00 1.184601562500000038e-01 -6.317203125000000474e-01 5.480679569129591755e-01 2.318111603665725107e-01 5.209624999999999950e-01
3.693877551020408045e+00 1.138132812499999952e-01 -6.154984374999999952e-01 5.210791399438881033e-01 2.180297340023008568e-01 5.164492187500000497e-01
3.775510204081632626e+00 1.104273437500000038e-01 -5.965468750000000320e-01 4.633916587491551664e-01 1.957760273173842214e-01 5.135003906249999694e-01
3.857142857142856762e+00 1.078742187500000005e-01 -5.837765624999999847e-01 4.278628374594908856e-01 1.840460547316538353e-01 5.100308593750000341e-01
3.938775510204081343e+00 1.038921874999999967e-01 -5.672749999999999737e-01 3.955745434941709826e-01 1.740917110939894374e-01 5.060562499999999853e-01
4.020408163265305923e+00 1.026976562500000051e-01 -5.536671874999999909e-01 3.770753178608819423e-01 1.698906553890693338e-01 5.039859374999999808e-01
4.102040816326530503e+00 1.018851562499999974e-01 -5.408062500000000439e-01 3.602101617840485770e-01 1.629978103905836972e-01 5.017304687500000471e-01
4.183673469387754196e+00 9.850625000000000353e-02 -5.282140625000000256e-01 3.286658662682926946e-01 1.526204273817816370e-01 4.977566406250000242e-01
4.265306122448979664e+00 9.584062499999999873e-02 -5.164312500000000083e-01 3.087768930741627837e-01 1.436847748355115084e-01 4.953976562499999847e-01
4.346938775510203357e+00 9.298515625000000617e-02 -5.046968750000000448e-01 2.851831472938673451e-01 1.378575874711254756e-01 4.918582031250000042e-01
4.428571428571428825e+00 9.194921875000000577e-02 -4.910875000000000101e-01 2.766353771421370400e-01 1.313861698855357252e-01 4.891972656249999885e-01
4.510204081632652517e+00 9.251796874999999865e-02 -4.811656249999999857e-01 2.810897981327771245e-01 1.234819821293075687e-01 4.883382812500000059e-01
4.591836734693877098e+00 8.779765624999999463e-02 -4.712656250000000213e-01 2.447910979937500675e-01 1.179942667641971227e-01 4.838660156249999789e-01
4.673469387755101678e+00 8.908281249999999707e-02 -4.632734374999999960e-01 2.502648027265284014e-01 1.125534558477026409e-01 4.838976562499999745e-01
4.755102040816326259e+00 8.804921875000000508e-02 -4.539828124999999992e-01 2.345219056860246010e-01 1.096238944146027267e-01 4.810910156250000069e-01
4.836734693877550839e+00 8.771640625000000357e-02 -4.455062499999999925e-01 2.304597562493406471e-01 1.117937338904022859e-01 4.800597656250000234e-01
4.918367346938775420e+00 8.583749999999999714e-02 -4.371703124999999912e-01 2.220764763900415772e-01 1.017261928931042225e-01 4.769226562500000210e-01
5.000000000000000000e+00 8.533437500000000397e-02 -4.297265625000000200e-01 2.064876254999999661e-01 9.728148437499982426e-02 4.755257812500000014e-01
