# T, |M|, E, X, C, Domain Size
1.000000000000000000e+00 9.994517578125000261e-01 -1.994803515625000108e+00 1.157770419762109668e-03 2.147068654843224067e-02 9.998994140625000504e-01
1.081632653061224580e+00 9.986203125000000513e-01 -1.994633203125000032e+00 2.842921061221873481e-03 3.816869323350397664e-02 9.993101562499999702e-01
1.163265306122448939e+00 9.976035156250000480e-01 -1.990766796875000022e+00 4.728980194603569186e-03 5.656813907292831956e-02 9.988017578125000240e-01
1.244897959183673519e+00 9.961380859374999730e-01 -1.985285937500000042e+00 7.574619031126277220e-03 8.164732616279105071e-02 9.980690429687499865e-01
1.326530612244897878e+00 9.940091796875000218e-01 -1.977430859375000072e+00 1.122809884551455827e-02 1.098624674062452095e-01 9.970045898437499554e-01
1.408163265306122458e+00 9.909859374999999693e-01 -1.966668749999999966e+00 1.771514487327657122e-02 1.502683525919209506e-01 9.954928710937499536e-01
1.489795918367347038e+00 9.871597656249999631e-01 -1.953339843750000027e+00 2.545518105956981122e-02 1.911105706247729352e-01 9.935798828124999815e-01
1.571428571428571397e+00 9.819175781250000234e-01 -1.935675390624999936e+00 3.652909421870473294e-02 2.373546180154763874e-01 9.909586914062500362e-01
1.653061224489795755e+00 9.748529296875000361e-01 -1.913056640625000027e+00 5.510834035439872436e-02 3.037284312454723301e-01 9.874263671874999870e-01
1.734693877551020336e+00 9.662330078124999888e-01 -1.886386718750000080e+00 7.814498452159221453e-02 3.580209558281148285e-01 9.831158203124999995e-01
1.816326530612244916e+00 9.539439453125000412e-01 -1.851372265625000013e+00 1.248233009124763010e-01 4.612661340744655392e-01 9.769697265625000293e-01
1.897959183673469274e+00 9.387515625000000252e-01 -1.810820703125000097e+00 2.007698753628972821e-01 5.550017318872237926e-01 9.693668945312500229e-01
1.979591836734693855e+00 9.183179687500000465e-01 -1.761485937500000043e+00 3.151198653930202820e-01 6.673110151580390337e-01 9.591349609374999474e-01
2.061224489795918213e+00 8.890179687500000538e-01 -1.698595312499999954e+00 5.783497141026607835e-01 8.128652456620572009e-01 9.444361328125000510e-01
2.142857142857142794e+00 8.388486328124999947e-01 -1.614410546875000074e+00 1.487681397981767351e+00 1.150288342938173614e+00 9.191561523437500325e-01
2.224489795918366930e+00 7.460009765624999734e-01 -1.505419531250000054e+00 5.626365723328178525e+00 1.555527468091430388e+00 8.717314453125000195e-01
2.306122448979591510e+00 5.074587890624999709e-01 -1.351635937499999995e+00 2.295257007870266008e+01 1.870572858327026688e+00 7.461539062499999986e-01
2.387755102040816091e+00 3.385927734374999942e-01 -1.227039062500000055e+00 1.494967859000234256e+01 1.208355879853321824e+00 6.548506835937499826e-01
2.469387755102040671e+00 2.358720703124999873e-01 -1.142991406249999953e+00 1.146281660994802465e+01 1.028152604704227313e+00 5.962565429687499696e-01
2.551020408163265252e+00 1.702757812500000079e-01 -1.068704687499999917e+00 5.931871961294999274e+00 7.786836414414858298e-01 5.574766601562499702e-01
2.632653061224489832e+00 1.499080078124999937e-01 -1.007834765624999962e+00 4.611330058076248406e+00 6.715377301277186683e-01 5.427648437500000034e-01
2.714285714285714413e+00 1.153214843750000052e-01 -9.528218750000000403e-01 2.640595451455590936e+00 5.654125317589883126e-01 5.193222656249999458e-01
2.795918367346938549e+00 1.050369140625000003e-01 -9.111496093750000025e-01 2.268584897488310048e+00 5.007761910060494204e-01 5.097242187499999577e-01
2.877551020408163129e+00 8.896464843750000184e-02 -8.704800781249999453e-01 1.588315818636690802e+00 4.691806594829859289e-01 4.966604492187500219e-01
2.959183673469387710e+00 9.051328124999999392e-02 -8.357425781249999686e-01 1.626420471978448745e+00 4.073845539432186524e-01 4.942856445312500124e-01
3.040816326530612290e+00 8.090878906250000002e-02 -8.008523437500000286e-01 1.207621879603345327e+00 3.818591939079015174e-01 4.839610351562499968e-01
3.122448979591836427e+00 7.553828125000000560e-02 -7.716546874999999917e-01 1.050144466589052250e+00 3.547362032198098092e-01 4.769252929687500253e-01
3.204081632653061007e+00 7.320605468749999400e-02 -7.439046875000000503e-01 9.540387995061209159e-01 3.274629792079724599e-01 4.714941406250000022e-01
3.285714285714285587e+00 6.872792968749999454e-02 -7.171648437500000028e-01 8.411842130044160371e-01 3.049942105281153726e-01 4.642371093750000122e-01
3.367346938775510168e+00 6.600019531249999571e-02 -6.936332031249999863e-01 7.585551231512785986e-01 2.749871004717583389e-01 4.595560546874999930e-01
3.448979591836734304e+00 6.514082031250000016e-02 -6.726644531250000059e-01 7.013774258947393925e-01 2.567369345827702487e-01 4.545003906249999726e-01
3.530612244897958885e+00 6.048300781250000313e-02 -6.530957031249999822e-01 6.371659931536759469e-01 2.417654382265945756e-01 4.473250976562500036e-01
3.612244897959183465e+00 5.989472656250000027e-02 -6.334007812499999890e-01 5.665594837727313537e-01 2.215776341686422346e-01 4.432029296875000246e-01
3.693877551020408045e+00 5.813417968750000248e-02 -6.161179687500000224e-01 5.378377452000604464e-01 2.144852981525071645e-01 4.376465820312500088e-01
3.775510204081632626e+00 5.356542968749999911e-02 -5.987035156250000156e-01 4.434225303578969157e-01 1.995627612118294203e-01 4.310710937500000228e-01
3.857142857142856762e+00 5.355839843750000162e-02 -5.826875000000000249e-01 4.350561780570022519e-01 1.874823179012305441e-01 4.259347656249999892e-01
3.938775510204081343e+00 5.274179687499999658e-02 -5.680738281249999577e-01 4.026007183541129297e-01 1.785260479276278012e-01 4.208641601562500001e-01
4.020408163265305923e+00 5.166035156249999816e-02 -5.548761718750000460e-01 3.882495159722003097e-01 1.692205801292480660e-01 4.178950195312500226e-01
4.102040816326530503e+00 4.990957031249999842e-02 -5.404593749999999641e-01 3.486141227299052181e-01 1.575204237280032893e-01 4.122270507812499929e-01
4.183673469387754196e+00 4.884589843750000021e-02 -5.269316406249999751e-01 3.287849741293826789e-01 1.483817015800691919e-01 4.060537109374999787e-01
4.265306122448979664e+00 4.786093749999999897e-02 -5.163468749999999829e-01 3.112342342822966845e-01 1.439268852422110612e-01 4.028919921874999921e-01
4.346938775510203357e+00 4.738046875000000158e-02 -5.040437500000000126e-01 3.007522576555164417e-01 1.348557771637000358e-01 3.985128906250000047e-01
4.428571428571428825e+00 4.620292968749999812e-02 -4.940929687499999723e-01 2.807078460597279279e-01 1.330908413573114457e-01 3.935736328125000183e-01
4.510204081632652517e+00 4.617441406250000213e-02 -4.824023437500000178e-01 2.735536849757847500e-01 1.243766328414521588e-01 3.907449218749999842e-01
4.591836734693877098e+00 4.552812500000000262e-02 -4.717617187500000031e-01 2.604117350722221502e-01 1.209974753577163081e-01 3.869931640625000058e-01
4.673469387755101678e+00 4.466582031250000001e-02 -4.632093749999999788e-01 2.517469556275587217e-01 1.171059963212962712e-01 3.829314453125000073e-01
4.755102040816326259e+00 4.359121093749999953e-02 -4.545035156250000208e-01 2.422553578525683815e-01 1.112756195942049969e-01 3.784783203125000051e-01
4.836734693877550839e+00 4.280859374999999856e-02 -4.456695312499999728e-01 2.222994416534810613e-01 1.030348523935695204e-01 3.739390624999999746e-01
4.918367346938775420e+00 4.240039062499999928e-02 -4.366003906250000011e-01 2.145628473644969059e-01 1.002447405471207226e-01 3.696701171874999803e-01
5.000000000000000000e+00 4.134218750000000220e-02 -4.280132812499999884e-01 1.997776907499999588e-01 9.980668877499965230e-02 3.664083007812499737e-01
