# T, |M|, E, X, C, Domain Size
1.000000000000000000e+00 9.992250000000000298e-01 -1.997000000000000108e+00 1.790390000000030568e-03 2.525599999999172951e-02 9.996125000000000149e-01
1.081632653061224580e+00 9.984499999999999487e-01 -1.993900000000000006e+00 3.015404528302191231e-03 4.222874355286473924e-02 9.992250000000000298e-01
1.163265306122448939e+00 9.982124999999999471e-01 -1.993025000000000047e+00 3.373157850878820852e-03 4.236046093874573648e-02 9.991062499999999735e-01
1.244897959183673519e+00 9.960875000000000146e-01 -1.985225000000000017e+00 7.976619631147515224e-03 8.375895275194908396e-02 9.980437500000000073e-01
1.326530612244897878e+00 9.930750000000000410e-01 -1.974124999999999908e+00 1.329235061538260390e-02 1.275159734319556981e-01 9.965374999999999650e-01
1.408163265306122458e+00 9.907875000000000432e-01 -1.966599999999999904e+00 1.947009851449086129e-02 1.572178632724239300e-01 9.953937499999999661e-01
1.489795918367347038e+00 9.867000000000000215e-01 -1.952574999999999950e+00 2.917833205479378883e-02 1.986553383205099388e-01 9.933499999999999552e-01
1.571428571428571397e+00 9.823125000000000329e-01 -1.938150000000000039e+00 4.003964204545437666e-02 2.367361054545441268e-01 9.911562499999999609e-01
1.653061224489795755e+00 9.778750000000000497e-01 -1.922625000000000028e+00 4.625826851851795596e-02 2.564981420134130330e-01 9.889375000000000249e-01
1.734693877551020336e+00 9.630750000000000144e-01 -1.880975000000000064e+00 9.438824458823527608e-02 3.868281141577842308e-01 9.815374999999999517e-01
1.816326530612244916e+00 9.536999999999999922e-01 -1.851024999999999920e+00 1.081859217977527154e-01 4.385525134692602189e-01 9.768499999999999961e-01
1.897959183673469274e+00 9.417874999999999996e-01 -1.812524999999999942e+00 1.279563225537635740e-01 5.027831108787155223e-01 9.708937499999999998e-01
1.979591836734693855e+00 9.200125000000000108e-01 -1.759050000000000002e+00 2.020148750257725334e-01 6.215422078393028071e-01 9.599999999999999645e-01
2.061224489795918213e+00 9.046874999999999778e-01 -1.717875000000000041e+00 2.284192914603960511e-01 6.523931367267902237e-01 9.523374999999999480e-01
2.142857142857142794e+00 8.788624999999999909e-01 -1.650199999999999889e+00 2.839602721666670271e-01 7.305223495111112797e-01 9.394187499999999691e-01
2.224489795918366930e+00 8.746749999999999803e-01 -1.638849999999999918e+00 2.795914421100920144e-01 6.952473989428519241e-01 9.373187499999999783e-01
2.306122448979591510e+00 8.416000000000000147e-01 -1.556850000000000067e+00 3.407239023008846734e-01 7.666294357616089128e-01 9.207625000000000393e-01
2.387755102040816091e+00 7.998374999999999790e-01 -1.461074999999999902e+00 4.133106350213681668e-01 8.198825685959537646e-01 8.998500000000000387e-01
2.469387755102040671e+00 7.703875000000000028e-01 -1.389925000000000077e+00 4.410099609710743662e-01 8.300326220825076096e-01 8.851124999999999687e-01
2.551020408163265252e+00 7.535374999999999712e-01 -1.352775000000000061e+00 4.516329127800003951e-01 7.893561083385591814e-01 8.766437500000000549e-01
2.632653061224489832e+00 7.160750000000000171e-01 -1.272825000000000095e+00 4.884941084496122188e-01 7.836780186473166765e-01 8.578750000000000542e-01
2.714285714285714413e+00 6.871125000000000149e-01 -1.208674999999999944e+00 5.009043780263155998e-01 7.496560099445986891e-01 8.433874999999999567e-01
2.795918367346938549e+00 6.608125000000000249e-01 -1.149250000000000105e+00 5.030920980839418410e-01 7.255053434386484756e-01 8.301374999999999726e-01
2.877551020408163129e+00 6.428000000000000380e-01 -1.109674999999999967e+00 4.936248045390067563e-01 6.769371151506465845e-01 8.211312499999999792e-01
2.959183673469387710e+00 6.095874999999999488e-01 -1.036499999999999977e+00 4.855137213620692171e-01 6.251032334839479176e-01 8.043875000000000330e-01
3.040816326530612290e+00 5.912374999999999714e-01 -9.969500000000000028e-01 4.616643515268460396e-01 5.610139288842845851e-01 7.953375000000000306e-01
3.122448979591836427e+00 5.619874999999999732e-01 -9.349750000000000005e-01 4.620718567156865131e-01 5.429556505613226669e-01 7.805187500000000389e-01
3.204081632653061007e+00 5.451375000000000526e-01 -8.963250000000000384e-01 4.411955934872608398e-01 4.930503918175179745e-01 7.719437500000000396e-01
3.285714285714285587e+00 5.341500000000000137e-01 -8.678249999999999575e-01 4.201949165217392923e-01 4.631172763516071544e-01 7.665187500000000265e-01
3.367346938775510168e+00 5.082375000000000087e-01 -8.114000000000000101e-01 3.989904580454544103e-01 4.135523532282828207e-01 7.533874999999999877e-01
3.448979591836734304e+00 4.982500000000000262e-01 -7.963000000000000078e-01 3.928701124260353117e-01 3.903590842393473981e-01 7.481999999999999762e-01
3.530612244897958885e+00 4.922000000000000264e-01 -7.812249999999999472e-01 3.848982742196531137e-01 3.791267959500820850e-01 7.452562499999999535e-01
3.612244897959183465e+00 4.637625000000000219e-01 -7.255500000000000282e-01 3.535514710593220533e-01 3.247496510951514148e-01 7.308437500000000142e-01
3.693877551020408045e+00 4.552125000000000199e-01 -7.064000000000000279e-01 3.457965944613259901e-01 3.189205067195750587e-01 7.264000000000000457e-01
3.775510204081632626e+00 4.407749999999999724e-01 -6.787750000000000172e-01 3.350483303243244615e-01 2.950463844555150095e-01 7.192125000000000323e-01
3.857142857142856762e+00 4.344000000000000083e-01 -6.645999999999999686e-01 3.196397659259259671e-01 2.726866427434843088e-01 7.158687500000000536e-01
3.938775510204081343e+00 4.263624999999999776e-01 -6.403750000000000275e-01 3.055303086917099398e-01 2.559127175964455159e-01 7.116999999999999993e-01
4.020408163265305923e+00 4.102250000000000063e-01 -6.107000000000000206e-01 2.819731589340101485e-01 2.276045894550233484e-01 7.037499999999999867e-01
4.102040816326530503e+00 4.003375000000000128e-01 -5.897999999999999909e-01 2.735231626741293498e-01 2.125530912442761822e-01 6.987624999999999531e-01
4.183673469387754196e+00 3.992999999999999883e-01 -5.829250000000000265e-01 2.690463699512196105e-01 2.130176975397978234e-01 6.979250000000000176e-01
4.265306122448979664e+00 3.991000000000000103e-01 -5.842749999999999888e-01 2.619523682296650557e-01 1.993237077811863545e-01 6.980250000000000066e-01
4.346938775510203357e+00 3.923875000000000002e-01 -5.621749999999999803e-01 2.489770050586854466e-01 1.873344308296414906e-01 6.944500000000000117e-01
4.428571428571428825e+00 3.736625000000000085e-01 -5.330249999999999710e-01 2.350524078225806612e-01 1.706612173881373318e-01 6.848374999999999879e-01
4.510204081632652517e+00 3.718874999999999820e-01 -5.232499999999999929e-01 2.254266057805431323e-01 1.597660234434184756e-01 6.838562500000000544e-01
4.591836734693877098e+00 3.686499999999999777e-01 -5.157500000000000417e-01 2.174630540444444926e-01 1.511992578962963185e-01 6.821625000000000050e-01
4.673469387755101678e+00 3.607374999999999887e-01 -4.933500000000000107e-01 2.099661335262009987e-01 1.467353168025018750e-01 6.782624999999999904e-01
4.755102040816326259e+00 3.602624999999999855e-01 -4.905749999999999833e-01 2.035287338090128739e-01 1.387766726723645982e-01 6.778312499999999963e-01
4.836734693877550839e+00 3.503999999999999893e-01 -4.709749999999999770e-01 1.980090909704641799e-01 1.330435349888728913e-01 6.729187500000000099e-01
4.918367346938775420e+00 3.498999999999999888e-01 -4.670750000000000179e-01 1.909210463070539487e-01 1.251555555019713828e-01 6.726374999999999993e-01
5.000000000000000000e+00 3.432999999999999940e-01 -4.594750000000000223e-01 1.880443519999999979e-01 1.223769435999999683e-01 6.688374999999999737e-01
