# T, |M|, E, X, C, Domain Size
1.000000000000000000e+00 9.980034179687499962e-01 -1.998174511718750086e+00 1.750365503808594525e-02 1.836369339704106096e-02 9.988516113281249975e-01
1.081632653061224580e+00 9.992874023437499797e-01 -1.992827539062500026e+00 4.110580417228705841e-02 1.273672959912419467e-02 9.944365234375000373e-01
1.163265306122448939e+00 9.927119628906250032e-01 -1.985869726562499977e+00 3.174496277895952545e-02 1.239526765791306051e-02 9.958704345703124883e-01
1.244897959183673519e+00 9.952091796874999918e-01 -1.982610058593750058e+00 1.491425432733354839e-02 1.641830939158839486e-01 9.925958007812499817e-01
1.326530612244897878e+00 9.939731933593749513e-01 -1.977358691406249980e+00 1.164023828048532140e-02 1.104726070359299539e-01 9.969865966796874757e-01
1.408163265306122458e+00 9.910128417968749881e-01 -1.966778222656250019e+00 1.761985207196525155e-02 1.488563722422615032e-01 9.955064208984375496e-01
1.489795918367347038e+00 9.870810546874999591e-01 -1.953039453124999936e+00 2.623513436450693528e-02 1.957622304716365724e-01 9.935405029296875412e-01
1.571428571428571397e+00 9.817615722656249932e-01 -1.935446386718749912e+00 3.937424475944598101e-02 2.429646264185111870e-01 9.908806640624999718e-01
1.653061224489795755e+00 9.749449707031250245e-01 -1.913290039062500059e+00 5.552395130166307147e-02 3.073229553178565832e-01 9.874721435546874870e-01
1.734693877551020336e+00 9.657341796874999718e-01 -1.885236914062500047e+00 8.491968139900135659e-02 3.804552959952105518e-01 9.828660644531249657e-01
1.816326530612244916e+00 9.542713378906250155e-01 -1.852087988281249986e+00 1.261063973707790553e-01 4.663945583167132813e-01 9.771332519531249483e-01
1.897959183673469274e+00 9.386344238281250085e-01 -1.810402636718750014e+00 1.975778549057131128e-01 5.638481374241058885e-01 9.693090820312499911e-01
1.979591836734693855e+00 9.177292480468749458e-01 -1.759567968750000100e+00 3.271070209587416122e-01 6.985568008395746098e-01 9.588420410156249796e-01
2.061224489795918213e+00 8.872912109374999634e-01 -1.696972851562499995e+00 6.517144399149087386e-01 8.243415189932580267e-01 9.435641357421874487e-01
2.142857142857142794e+00 8.457457519531249579e-01 -1.620907812500000045e+00 1.173964202537293611e+00 1.041229538961229606e+00 9.226593749999999483e-01
2.224489795918366930e+00 7.586439941406249998e-01 -1.513383398437500027e+00 4.654327282360192442e+00 1.479745537634610031e+00 8.782994140625000057e-01
2.306122448979591510e+00 4.119583007812500086e-01 -1.346257226562499909e+00 9.377076892033980471e+01 2.355806275156837781e+00 6.903889404296874588e-01
2.387755102040816091e+00 1.466363281249999928e-01 -1.211249218749999912e+00 2.182811825732372313e+01 1.122452695017356339e+00 5.366659179687499615e-01
2.469387755102040671e+00 1.129241210937499962e-01 -1.131601562499999991e+00 1.189508142310143413e+01 9.178061466409870306e-01 5.118471191406249732e-01
2.551020408163265252e+00 9.271318359374999818e-02 -1.066373632812499972e+00 7.057856783199687456e+00 7.388522175351899257e-01 4.938212890625000018e-01
2.632653061224489832e+00 6.868369140624999702e-02 -1.008027734374999929e+00 4.243208830544756616e+00 6.770416189307023602e-01 4.714710449218750266e-01
2.714285714285714413e+00 6.196303710937500070e-02 -9.547528320312500538e-01 3.121908887714329506e+00 5.791189325993797432e-01 4.609520996093749989e-01
2.795918367346938549e+00 5.589628906250000001e-02 -9.104333007812499545e-01 2.402224303057710397e+00 5.280815497292894456e-01 4.494063232421874887e-01
2.877551020408163129e+00 4.716997070312500123e-02 -8.707834960937500535e-01 1.761523787928786611e+00 4.721400029532189513e-01 4.351275878906250005e-01
2.959183673469387710e+00 4.576674804687499987e-02 -8.340503906249999710e-01 1.563336473151872408e+00 4.153567760490631255e-01 4.259588623046874911e-01
3.040816326530612290e+00 4.217304687500000177e-02 -8.012270507812500053e-01 1.322767230679529504e+00 3.935499524774719315e-01 4.165443359375000099e-01
3.122448979591836427e+00 3.901083984374999897e-02 -7.718003906250000545e-01 1.097954791613307224e+00 3.495141155943741751e-01 4.041934326171874869e-01
3.204081632653061007e+00 3.461298828124999977e-02 -7.433276367187500178e-01 8.885903248206109550e-01 3.233999545246072360e-01 3.909839599609374883e-01
3.285714285714285587e+00 3.592128906250000031e-02 -7.182502929687499815e-01 8.808073184578804060e-01 3.077283014265714822e-01 3.843885498046875071e-01
3.367346938775510168e+00 3.301757812500000222e-02 -6.953213867187499897e-01 7.507222253787876332e-01 2.772375120054542119e-01 3.734468261718750237e-01
3.448979591836734304e+00 3.179882812499999767e-02 -6.730895507812499901e-01 7.023634856693788953e-01 2.579770636551977914e-01 3.635422607421874841e-01
3.530612244897958885e+00 2.997075195312499940e-02 -6.525080078124999572e-01 6.026976278874076609e-01 2.451780996447831540e-01 3.547440429687500063e-01
3.612244897959183465e+00 2.969975585937499954e-02 -6.339855468749999723e-01 5.579908820484088539e-01 2.203859810976156186e-01 3.459056884765625006e-01
3.693877551020408045e+00 2.898437499999999972e-02 -6.165895507812499954e-01 5.250803770286601724e-01 2.141749833420358851e-01 3.377307861328124883e-01
3.775510204081632626e+00 2.766611328125000158e-02 -5.983573242187499863e-01 4.680297015521535098e-01 2.022213091371035665e-01 3.278082763671875122e-01
3.857142857142856762e+00 2.670698242187500085e-02 -5.825483398437499849e-01 4.321438209754774329e-01 1.832864055949475490e-01 3.193506347656249744e-01
3.938775510204081343e+00 2.688813476562499846e-02 -5.680625976562500012e-01 4.302386111313452610e-01 1.766491888247795905e-01 3.125890869140625083e-01
4.020408163265305923e+00 2.553232421874999936e-02 -5.533541015624999782e-01 3.862171469208043884e-01 1.666733027353252961e-01 3.020597167968749885e-01
4.102040816326530503e+00 2.527724609375000056e-02 -5.404432617187500121e-01 3.620607493530395571e-01 1.628728371786552220e-01 2.946594238281249889e-01
4.183673469387754196e+00 2.459941406250000170e-02 -5.277385742187500339e-01 3.281913895205793574e-01 1.508264800402867867e-01 2.869108398437499874e-01
4.265306122448979664e+00 2.357226562500000164e-02 -5.152694335937499925e-01 3.004153202377392029e-01 1.403684652461958393e-01 2.795504394531250214e-01
4.346938775510203357e+00 2.340170898437499841e-02 -5.035846679687500105e-01 2.932752009444231089e-01 1.341422074824569766e-01 2.743980224609374741e-01
4.428571428571428825e+00 2.332988281250000101e-02 -4.927772460937500099e-01 2.835489593901209804e-01 1.343099458356710740e-01 2.675824462890625255e-01
4.510204081632652517e+00 2.296030273437500019e-02 -4.832418945312499936e-01 2.768808728559371546e-01 1.262023143807771697e-01 2.620531494140624917e-01
4.591836734693877098e+00 2.265839843750000124e-02 -4.725184570312500054e-01 2.595139660215277644e-01 1.207380626455880346e-01 2.552287841796874734e-01
4.673469387755101678e+00 2.190678710937499912e-02 -4.626808593749999754e-01 2.391597903482789444e-01 1.146601757335792698e-01 2.492691650390624902e-01
4.755102040816326259e+00 2.191181640624999954e-02 -4.531469726562499800e-01 2.346063684748860012e-01 1.107366373852335384e-01 2.437367431640624915e-01
4.836734693877550839e+00 2.136899414062500002e-02 -4.444109374999999917e-01 2.221263599897398966e-01 1.041245944386120781e-01 2.383717041015624982e-01
4.918367346938775420e+00 2.142900390625000068e-02 -4.363405273437500065e-01 2.147826596601075666e-01 1.011800912681951325e-01 2.345288330078124928e-01
5.000000000000000000e+00 2.120751953124999992e-02 -4.280654296874999987e-01 2.141677951171874761e-01 9.910229359375080649e-02 2.293481689453125139e-01
