# T, |M|, E, X, C, Domain Size
1.000000000000000000e+00 9.993781250000000060e-01 -1.997543749999999951e+00 1.281499374996997176e-03 1.963887750000026244e-02 9.996890625000000030e-01
1.081632653061224580e+00 9.984187500000000215e-01 -1.993906249999999991e+00 3.411488632077624029e-03 4.401842237007365377e-02 9.992093749999999552e-01
1.163265306122448939e+00 9.977125000000000021e-01 -1.991181249999999903e+00 4.558384035088661537e-03 5.523829538243676257e-02 9.988562500000000011e-01
1.244897959183673519e+00 9.963062499999999488e-01 -1.986056250000000079e+00 7.632591434426601665e-03 7.938695662388384200e-02 9.981531249999999744e-01
1.326530612244897878e+00 9.938937500000000203e-01 -1.977168749999999919e+00 1.223204149999606270e-02 1.142614461485280675e-01 9.969468750000000101e-01
1.408163265306122458e+00 9.909343750000000339e-01 -1.966350000000000042e+00 1.698764267209638273e-02 1.485086631715984706e-01 9.954671874999999615e-01
1.489795918367347038e+00 9.866843749999999469e-01 -1.951906249999999954e+00 2.698938416952179759e-02 2.006731548953984423e-01 9.933421875000000290e-01
1.571428571428571397e+00 9.821156250000000476e-01 -1.937106250000000029e+00 4.237277823863262738e-02 2.410172627892500641e-01 9.910578125000000238e-01
1.653061224489795755e+00 9.716781249999999481e-01 -1.909262500000000085e+00 1.402594870293283058e-01 3.480440672443115835e-01 9.858390624999999741e-01
1.734693877551020336e+00 9.657468750000000046e-01 -1.884318750000000042e+00 7.638468728676524322e-02 3.782006340896150176e-01 9.828734375000000023e-01
1.816326530612244916e+00 9.534156249999999888e-01 -1.850524999999999975e+00 1.387454789255633258e-01 4.485885085671044714e-01 9.767046874999999462e-01
1.897959183673469274e+00 9.384500000000000064e-01 -1.809331250000000058e+00 1.704684920430117601e-01 5.481942927942549115e-01 9.692250000000000032e-01
1.979591836734693855e+00 9.234968749999999948e-01 -1.769287499999999902e+00 2.304738486533483843e-01 6.339317531629373725e-01 9.617375000000000229e-01
2.061224489795918213e+00 8.927593750000000217e-01 -1.704037500000000094e+00 4.743883789542066021e-01 8.251326145191637540e-01 9.463109374999999490e-01
2.142857142857142794e+00 8.533687500000000092e-01 -1.625806249999999897e+00 7.270508921666670732e-01 9.610606065666701392e-01 9.265265624999999838e-01
2.224489795918366930e+00 8.117937499999999806e-01 -1.543418750000000061e+00 9.111889752064237236e-01 1.060013506352783796e+00 9.056499999999999551e-01
2.306122448979591510e+00 7.432812500000000044e-01 -1.439037499999999969e+00 1.423145782632742939e+00 1.216209957922313123e+00 8.710687499999999472e-01
2.387755102040816091e+00 6.901562500000000266e-01 -1.356212500000000043e+00 1.601247102029913050e+00 1.177805456491342939e+00 8.442609374999999750e-01
2.469387755102040671e+00 6.271468749999999925e-01 -1.256156250000000085e+00 1.733278323961776612e+00 1.142414107604500906e+00 8.122046874999999666e-01
2.551020408163265252e+00 5.617156250000000517e-01 -1.165081250000000068e+00 1.835125214754997458e+00 1.079452502052959284e+00 7.788500000000000423e-01
2.632653061224489832e+00 5.171062499999999895e-01 -1.096387500000000070e+00 1.681947630213179057e+00 9.030413046565711754e-01 7.561671875000000043e-01
2.714285714285714413e+00 4.580437500000000273e-01 -1.019562499999999927e+00 1.619390712763156825e+00 8.069061765927987295e-01 7.257796874999999925e-01
2.795918367346938549e+00 4.247531250000000091e-01 -9.688124999999999654e-01 1.479391314739963104e+00 7.079617267702073002e-01 7.083203125000000488e-01
2.877551020408163129e+00 3.907937499999999953e-01 -9.083812500000000290e-01 1.266862221258865606e+00 5.899978709973084934e-01 6.910125000000000295e-01
2.959183673469387710e+00 3.687937499999999758e-01 -8.711124999999999563e-01 1.190597734465518087e+00 5.384672498829966569e-01 6.791812499999999586e-01
3.040816326530612290e+00 3.196249999999999925e-01 -8.073937500000000211e-01 9.431475604026846593e-01 4.128837810133555442e-01 6.534624999999999462e-01
3.122448979591836427e+00 3.093718750000000184e-01 -7.806374999999999842e-01 8.893676141789215173e-01 3.894971956080997555e-01 6.477546874999999815e-01
3.204081632653061007e+00 2.966125000000000012e-01 -7.587000000000000410e-01 8.410079389171977171e-01 3.804600540322117253e-01 6.404640624999999865e-01
3.285714285714285587e+00 2.873625000000000207e-01 -7.349875000000000158e-01 7.532711534782606799e-01 3.322529744990547762e-01 6.359187499999999771e-01
3.367346938775510168e+00 2.670374999999999832e-01 -6.989499999999999602e-01 6.722717769090910123e-01 3.000574844973371569e-01 6.247828125000000066e-01
3.448979591836734304e+00 2.600000000000000089e-01 -6.852062500000000167e-01 6.246412721893491726e-01 2.769576136787049170e-01 6.210015625000000483e-01
3.530612244897958885e+00 2.430343749999999969e-01 -6.534562499999999607e-01 5.449340910079479849e-01 2.459483092143908978e-01 6.108999999999999986e-01
3.612244897959183465e+00 2.394812500000000066e-01 -6.326937500000000547e-01 5.278556220197740956e-01 2.422486760061762223e-01 6.088359374999999796e-01
3.693877551020408045e+00 2.295906249999999926e-01 -6.173937499999999634e-01 4.784938049412984507e-01 2.167043233807729175e-01 6.033312499999999856e-01
3.775510204081632626e+00 2.304499999999999882e-01 -6.048562499999999842e-01 4.730854754594595035e-01 2.164551959584368745e-01 6.030343750000000114e-01
3.857142857142856762e+00 2.130031249999999876e-01 -5.821187500000000181e-01 4.041314016898149841e-01 1.860683719855966700e-01 5.930953125000000270e-01
3.938775510204081343e+00 2.152125000000000010e-01 -5.685062499999999908e-01 3.890515227461140424e-01 1.807383511019758915e-01 5.943609374999999639e-01
4.020408163265305923e+00 2.114562500000000123e-01 -5.597937499999999789e-01 3.843938761294414808e-01 1.719445057145894407e-01 5.918281250000000382e-01
4.102040816326530503e+00 1.992718749999999872e-01 -5.388374999999999693e-01 3.368170579570897161e-01 1.619514947528527815e-01 5.849250000000000282e-01
4.183673469387754196e+00 2.004656250000000084e-01 -5.315562499999999524e-01 3.285443724115854613e-01 1.590312703866154365e-01 5.849718750000000300e-01
4.265306122448979664e+00 1.941312500000000052e-01 -5.153187500000000476e-01 3.042714075478469282e-01 1.475007222933884254e-01 5.809812500000000046e-01
4.346938775510203357e+00 1.856281250000000049e-01 -5.021312500000000290e-01 2.758192745041080363e-01 1.366877195507395226e-01 5.761562500000000364e-01
4.428571428571428825e+00 1.877093750000000116e-01 -4.896562500000000151e-01 2.776213422782257689e-01 1.358170597684701664e-01 5.764234375000000243e-01
4.510204081632652517e+00 1.890749999999999931e-01 -4.848062499999999941e-01 2.678296188235295139e-01 1.249414013758420733e-01 5.772140624999999581e-01
4.591836734693877098e+00 1.805343749999999969e-01 -4.710437499999999833e-01 2.462143233083333715e-01 1.191874553931359382e-01 5.719078125000000012e-01
4.673469387755101678e+00 1.775937499999999947e-01 -4.636624999999999774e-01 2.415431329148471362e-01 1.176437123149825376e-01 5.695328124999999853e-01
4.755102040816326259e+00 1.765124999999999889e-01 -4.556000000000000050e-01 2.293349502575108279e-01 1.118673863390373530e-01 5.690359375000000330e-01
4.836734693877550839e+00 1.739374999999999949e-01 -4.408187499999999814e-01 2.162776782700422118e-01 1.060985651177251410e-01 5.664468750000000163e-01
4.918367346938775420e+00 1.699812500000000004e-01 -4.382375000000000020e-01 2.063658335995850468e-01 1.008632146689967118e-01 5.646906250000000016e-01
5.000000000000000000e+00 1.735562499999999952e-01 -4.302062500000000123e-01 2.105063195000000387e-01 9.573881109999994588e-02 5.657468749999999824e-01
