# T, M, E, X, C, U, Mabs
1.000000000000000000e+00 -9.993315624999999924e-01 -1.997346250000000101e+00 1.477029243751815102e-03 2.307928709996076577e-02 -1.362661595217669856e+03 4.996076674531250319e+04
1.081632653061224580e+00 -9.985834375000000041e-01 -1.994438750000000038e+00 2.814910806484277259e-03 3.919095279453749942e-02 -1.360783592744380485e+03 4.991888835000000108e+04
1.163265306122448939e+00 -9.971465624999999999e-01 -1.989077500000000054e+00 5.701218981469611397e-03 6.752931522793681474e-02 -1.357237317668106471e+03 4.985417715218749800e+04
1.244897959183673519e+00 -9.960465625000000101e-01 -1.984906250000000094e+00 7.709729277765096749e-03 8.435403908558229691e-02 -1.354546655323911409e+03 4.980478943374999653e+04
1.326530612244897878e+00 -9.938531250000000039e-01 -1.976492499999999986e+00 1.010102537499794721e-02 1.047850025553523218e-01 -1.348987835674762209e+03 4.966986813156249991e+04
1.408163265306122458e+00 -9.916493750000000551e-01 -1.968440624999999944e+00 1.467219212716970242e-02 1.408444827503468610e-01 -1.343756441228012818e+03 4.959101993968750321e+04
1.489795918367347038e+00 -9.856446875000000052e-01 -1.947668125000000083e+00 2.701750937662363711e-02 2.109674270652883155e-01 -1.329520980694915352e+03 4.929034904718749749e+04
1.571428571428571397e+00 -9.831309375000000239e-01 -1.939529999999999976e+00 3.408901220056360926e-02 2.406249327074397037e-01 -1.324068426299403882e+03 4.918302814031249727e+04
1.653061224489795755e+00 -9.703693749999999785e-01 -1.904979999999999896e+00 7.466657383673218351e-02 3.497009381701648434e-01 -1.296854859536067806e+03 4.878170304687500175e+04
1.734693877551020336e+00 -9.705718749999999728e-01 -1.896461249999999987e+00 5.236446646323563575e-02 2.968541713361893541e-01 -1.294264964762058526e+03 4.854987977687500097e+04
1.816326530612244916e+00 -9.582209375000000362e-01 -1.859358749999999949e+00 8.657474759824240751e-02 4.149454465248266777e-01 -1.268151053944543719e+03 4.788030080687499867e+04
1.897959183673469274e+00 -9.338318749999999779e-01 -1.801058749999999931e+00 2.582629938470442643e-01 6.525679424325531164e-01 -1.231050699078664820e+03 4.643881238187500276e+04
1.979591836734693855e+00 -9.326362500000000555e-01 -1.782265624999999964e+00 1.349797250834999796e-01 5.104425418731395325e-01 -1.212715636519471900e+03 4.652430487406250177e+04
2.061224489795918213e+00 -9.178018749999999892e-01 -1.743816875000000044e+00 1.983284546631176315e-01 5.925900812443660737e-01 -1.186898182661224382e+03 4.610261457812500157e+04
2.142857142857142794e+00 7.848000000000000531e-01 -1.619977500000000070e+00 3.812951771999998130e+00 1.034522968055107572e+00 -1.120754715685642623e+03 3.467485312312500173e+04
2.224489795918366930e+00 7.935084374999999968e-01 -1.539811250000000076e+00 1.504332430107743424e+00 1.218981722235489729e+00 -1.069972992078834977e+03 4.228890016562499659e+04
2.306122448979591510e+00 7.401400000000000201e-01 -1.419760625000000109e+00 1.112607527295573773e+00 1.045360619961838378e+00 -9.500310238306982455e+02 3.907911359656249988e+04
2.387755102040816091e+00 -1.336937499999999931e-02 -1.327533749999999957e+00 1.364902145957927360e+01 1.306491131577697473e+00 -9.311431297382119965e+02 1.754626799562499946e+04
2.469387755102040671e+00 -1.975537500000000002e-01 -1.309225000000000083e+00 1.231751512181735464e+01 1.057902568305439717e+00 -8.911212017729989157e+02 1.236793112250000013e+04
2.551020408163265252e+00 -1.699937500000000060e-02 -1.190868749999999920e+00 1.021030213111020046e+01 1.063600542252642667e+00 -8.338154786491131745e+02 4.587473418124999625e+03
2.632653061224489832e+00 -4.598343750000000174e-02 -1.060134375000000073e+00 7.333215269339098619e+00 7.547148158670969886e-01 -6.702985213925071548e+02 3.659970029375000195e+03
2.714285714285714413e+00 3.554437500000000028e-01 -1.042763125000000013e+00 4.470096712236842684e+00 8.379938830464660482e-01 -7.061906978272037350e+02 2.558463898625000002e+04
2.795918367346938549e+00 -1.730115624999999935e-01 -9.664781249999999657e-01 5.053020768217107772e+00 7.431202672582133406e-01 -6.591504356781898650e+02 1.590983153156250046e+04
2.877551020408163129e+00 -7.661468750000000050e-02 -8.646749999999999714e-01 3.711672768769459729e+00 5.369941073507376039e-01 -5.268450646233628731e+02 6.155501996875000259e+03
2.959183673469387710e+00 -9.987406249999999930e-02 -8.399462500000000054e-01 3.261767914739612362e+00 4.511737674318712643e-01 -4.767692413667583651e+02 3.590212550624999949e+03
3.040816326530612290e+00 -1.939021874999999895e-01 -8.459331249999999525e-01 3.150466063704655539e+00 4.725328247391459846e-01 -5.016115574756236697e+02 9.560742036562500289e+03
3.122448979591836427e+00 2.657500000000000140e-02 -8.048056249999999689e-01 3.020211875882353514e+00 4.518373971644238374e-01 -5.036639854979261486e+02 3.748127584374999969e+03
3.204081632653061007e+00 -1.315621875000000107e-01 -7.454462499999999769e-01 1.707277705332444384e+00 2.980388072577022651e-01 -3.206286886997422130e+02 7.298941952500000298e+03
3.285714285714285587e+00 5.329312499999999675e-02 -7.301462499999999967e-01 2.250961829861956698e+00 3.560056588353495144e-01 -4.177011692616962932e+02 2.393131817812499776e+03
3.367346938775510168e+00 -6.141812499999999703e-02 -6.848674999999999624e-01 1.333661610350151516e+00 2.435470754760846457e-01 -2.725001774587189516e+02 2.434790390000000116e+03
3.448979591836734304e+00 -6.016249999999999896e-03 -6.734043750000000550e-01 1.935875039360355210e+00 3.057587925147844388e-01 -3.746131221075862641e+02 1.577288435312500042e+03
3.530612244897958885e+00 -6.326187499999999519e-02 -6.808268750000000535e-01 1.875173097964017321e+00 2.676015173511234746e-01 -3.621387365161735374e+02 4.740153880937499707e+03
3.612244897959183465e+00 1.193984374999999959e-01 -6.529187499999999922e-01 1.561511988855049493e+00 2.560997521713909153e-01 -3.415192612293228649e+02 3.285546185000000150e+03
3.693877551020408045e+00 -2.882062499999999902e-02 -6.082337500000000174e-01 1.548154940651795819e+00 2.198019926920148359e-01 -3.107243116236749643e+02 4.037516393124999922e+03
3.775510204081632626e+00 -4.911250000000000338e-02 -6.015962500000000546e-01 1.439161675189189138e+00 2.145852045278914544e-01 -2.892169988701859324e+02 2.549377148125000076e+03
3.857142857142856762e+00 6.709843749999999662e-02 -5.863981249999999923e-01 1.031948699403935299e+00 1.904208422400207323e-01 -2.594815691876403889e+02 2.516752875624999888e+03
3.938775510204081343e+00 -4.639031250000000273e-02 -5.793668749999999479e-01 1.167191415982869129e+00 1.891365235283037072e-01 -2.639736455325915472e+02 1.368920190000000048e+03
4.020408163265305923e+00 -1.177687499999999915e-02 -5.540293750000000461e-01 9.823178078932741641e-01 1.870789986050856724e-01 -2.650803303862829807e+02 5.358348890624999967e+02
4.102040816326530503e+00 -3.800656250000000042e-02 -5.420093750000000155e-01 8.699563490544465205e-01 1.560968596716511558e-01 -2.192109643918205677e+02 1.916804317812499903e+03
4.183673469387754196e+00 7.009374999999999547e-04 -5.233631250000000401e-01 7.912676395914332028e-01 1.494935456123966666e-01 -1.809073821890451654e+02 6.808545400000000427e+02
4.265306122448979664e+00 -5.620562500000000211e-02 -5.178387500000000143e-01 8.570072156687799092e-01 1.437452528105103711e-01 -2.392714185247244245e+02 2.951484879999999976e+03
4.346938775510203357e+00 2.711593749999999942e-02 -5.156181250000000382e-01 8.390092483682806135e-01 1.457913960851456858e-01 -2.038476984147528128e+02 1.318619611562500040e+03
4.428571428571428825e+00 3.282406250000000081e-02 -4.966274999999999995e-01 7.910611492776209452e-01 1.362325982314255834e-01 -2.075905806971529159e+02 1.794089474375000009e+03
4.510204081632652517e+00 -1.885718750000000069e-02 -4.998568749999999783e-01 7.395596916063067461e-01 1.280760870934047058e-01 -1.922777609559731218e+02 9.018914603125000440e+02
4.591836734693877098e+00 1.283656250000000075e-02 -4.812312499999999993e-01 6.906661339855277859e-01 1.147028237230124370e-01 -1.713282828094345405e+02 5.644883324999999559e+02
4.673469387755101678e+00 -1.909031250000000138e-02 -4.702037499999999759e-01 7.630378348763919849e-01 1.214354358838142939e-01 -1.958079406490912504e+02 1.409993857187499998e+03
4.755102040816326259e+00 1.718375000000000111e-02 -4.502337499999999881e-01 5.663289611841202387e-01 1.066765287616846802e-01 -1.674625587698434686e+02 1.954536534999999958e+03
4.836734693877550839e+00 -2.766624999999999987e-02 -4.503443750000000190e-01 6.688772458814346011e-01 1.075835103500146772e-01 -1.807751209241810670e+02 1.396286218125000005e+03
4.918367346938775420e+00 3.133125000000000059e-03 -4.379718750000000105e-01 5.956194991409751172e-01 1.027527319045708210e-01 -1.811637049541334648e+02 6.431656153124999946e+02
5.000000000000000000e+00 -7.151249999999999621e-03 -4.183556250000000087e-01 6.240296531799999213e-01 1.011846418389999447e-01 -1.840304475154181318e+02 5.692182096875000070e+02
