# H, M up, M down
-1.000000000000000000e+00 -9.955625000000000169e-01 9.973437499999999734e-01
-9.710144927536231707e-01 -9.966874999999999485e-01 9.978749999999999565e-01
-9.420289855072463414e-01 -9.975937499999999458e-01 9.970624999999999627e-01
-9.130434782608696231e-01 -9.974374999999999769e-01 9.969687499999999591e-01
-8.840579710144927938e-01 -9.963125000000000453e-01 9.959062499999999929e-01
-8.550724637681159646e-01 -9.963750000000000107e-01 9.970937500000000009e-01
-8.260869565217391353e-01 -9.957500000000000240e-01 9.962812500000000071e-01
-7.971014492753623060e-01 -9.962812500000000071e-01 9.964062500000000488e-01
-7.681159420289854767e-01 -9.968437500000000284e-01 9.959062499999999929e-01
-7.391304347826086474e-01 -9.964687500000000142e-01 9.960624999999999618e-01
-7.101449275362319291e-01 -9.966562500000000213e-01 9.959062499999999929e-01
-6.811594202898549888e-01 -9.960624999999999618e-01 9.959062499999999929e-01
-6.521739130434782705e-01 -9.961562499999999654e-01 9.954062500000000480e-01
-6.231884057971014412e-01 -9.953750000000000098e-01 9.955625000000000169e-01
-5.942028985507246119e-01 -9.949687499999999574e-01 9.956874999999999476e-01
-5.652173913043478937e-01 -9.950937499999999991e-01 9.951250000000000373e-01
-5.362318840579709534e-01 -9.935000000000000497e-01 9.949375000000000302e-01
-5.072463768115942351e-01 -9.926874999999999449e-01 9.945312499999999778e-01
-4.782608695652174058e-01 -9.933750000000000080e-01 9.941562499999999636e-01
-4.492753623188405765e-01 -9.927187499999999831e-01 9.934687500000000115e-01
-4.202898550724637472e-01 -9.936562500000000187e-01 9.940624999999999600e-01
-3.913043478260869179e-01 -9.931250000000000355e-01 9.937187499999999840e-01
-3.623188405797100886e-01 -9.918437500000000240e-01 9.926874999999999449e-01
-3.333333333333333703e-01 -9.929999999999999938e-01 9.919062499999999893e-01
-3.043478260869565410e-01 -9.925937500000000524e-01 9.912812500000000027e-01
-2.753623188405797118e-01 -9.918124999999999858e-01 9.918437500000000240e-01
-2.463768115942028825e-01 -9.911562499999999609e-01 9.911562499999999609e-01
-2.173913043478260532e-01 -9.918124999999999858e-01 9.908437500000000231e-01
-1.884057971014492239e-01 -9.894687500000000080e-01 9.907812499999999467e-01
-1.594202898550725056e-01 -9.900624999999999565e-01 9.896875000000000533e-01
-1.304347826086956763e-01 -9.906875000000000542e-01 9.884374999999999689e-01
-1.014492753623188470e-01 -9.904374999999999707e-01 9.907187499999999813e-01
-7.246376811594201772e-02 -9.882499999999999618e-01 9.873125000000000373e-01
-4.347826086956518843e-02 -9.878437500000000204e-01 9.853750000000000009e-01
-1.449275362318835914e-02 -9.881250000000000311e-01 9.860624999999999529e-01
1.449275362318847016e-02 -9.856249999999999734e-01 9.864687500000000053e-01
4.347826086956518843e-02 -9.859375000000000222e-01 9.865312499999999707e-01
7.246376811594212874e-02 -9.844374999999999654e-01 9.845937500000000453e-01
1.014492753623188470e-01 -9.833437499999999609e-01 9.826249999999999707e-01
1.304347826086955653e-01 -9.770937499999999831e-01 9.828124999999999778e-01
1.594202898550725056e-01 -9.791562499999999503e-01 9.791562499999999503e-01
1.884057971014492239e-01 -9.823749999999999982e-01 9.815625000000000044e-01
2.173913043478261642e-01 -9.817812500000000497e-01 9.823125000000000329e-01
2.463768115942028825e-01 -9.678437500000000027e-01 9.628124999999999600e-01
2.753623188405798228e-01 -9.694374999999999520e-01 3.024062499999999876e-01
3.043478260869565410e-01 -7.359062499999999840e-01 -9.930937499999999973e-01
3.333333333333332593e-01 9.929375000000000284e-01 -9.932187500000000391e-01
3.623188405797101996e-01 9.913125000000000409e-01 -9.923750000000000071e-01
3.913043478260869179e-01 9.939375000000000293e-01 -9.939375000000000293e-01
4.202898550724638582e-01 9.937187499999999840e-01 -9.949375000000000302e-01
4.492753623188405765e-01 9.917500000000000204e-01 -9.933125000000000426e-01
4.782608695652175168e-01 9.936874999999999458e-01 -9.943750000000000089e-01
5.072463768115942351e-01 9.937187499999999840e-01 -9.960312500000000346e-01
5.362318840579709534e-01 9.956874999999999476e-01 -9.943750000000000089e-01
5.652173913043478937e-01 9.949375000000000302e-01 -9.946874999999999467e-01
5.942028985507246119e-01 9.957812499999999512e-01 -9.957812499999999512e-01
6.231884057971015523e-01 9.951875000000000027e-01 -9.945937500000000542e-01
6.521739130434782705e-01 9.951250000000000373e-01 -9.958124999999999893e-01
6.811594202898549888e-01 9.959687499999999583e-01 -9.956874999999999476e-01
7.101449275362319291e-01 9.956562500000000204e-01 -9.960624999999999618e-01
7.391304347826086474e-01 9.966874999999999485e-01 -9.966874999999999485e-01
7.681159420289855877e-01 9.959687499999999583e-01 -9.968124999999999902e-01
7.971014492753623060e-01 9.965000000000000524e-01 -9.955625000000000169e-01
8.260869565217392463e-01 9.961562499999999654e-01 -9.967187499999999867e-01
8.550724637681159646e-01 9.963750000000000107e-01 -9.971250000000000391e-01
8.840579710144926828e-01 9.962187500000000417e-01 -9.964062500000000488e-01
9.130434782608696231e-01 9.970624999999999627e-01 -9.971875000000000044e-01
9.420289855072463414e-01 9.961562499999999654e-01 -9.965000000000000524e-01
9.710144927536232817e-01 9.972812500000000080e-01 -9.961250000000000382e-01
1.000000000000000000e+00 9.962499999999999689e-01 -9.975625000000000187e-01
