# H, M up, M down
-2.000000000000000000e+00 -9.992499999999999716e-01 1.000000000000000000e+00
-1.918367346938775420e+00 -1.000000000000000000e+00 1.000000000000000000e+00
-1.836734693877551061e+00 -1.000000000000000000e+00 9.998749999999999583e-01
-1.755102040816326481e+00 -1.000000000000000000e+00 1.000000000000000000e+00
-1.673469387755102122e+00 -1.000000000000000000e+00 1.000000000000000000e+00
-1.591836734693877542e+00 -1.000000000000000000e+00 9.998749999999999583e-01
-1.510204081632652962e+00 -1.000000000000000000e+00 1.000000000000000000e+00
-1.428571428571428603e+00 -1.000000000000000000e+00 1.000000000000000000e+00
-1.346938775510204245e+00 -1.000000000000000000e+00 1.000000000000000000e+00
-1.265306122448979664e+00 -1.000000000000000000e+00 9.998749999999999583e-01
-1.183673469387755084e+00 -1.000000000000000000e+00 1.000000000000000000e+00
-1.102040816326530726e+00 -1.000000000000000000e+00 9.998749999999999583e-01
-1.020408163265306145e+00 -1.000000000000000000e+00 9.995000000000000551e-01
-9.387755102040817867e-01 -9.998749999999999583e-01 1.000000000000000000e+00
-8.571428571428572063e-01 -9.998749999999999583e-01 9.995000000000000551e-01
-7.755102040816328479e-01 -9.995000000000000551e-01 9.995000000000000551e-01
-6.938775510204082675e-01 -9.998749999999999583e-01 1.000000000000000000e+00
-6.122448979591836871e-01 -9.998749999999999583e-01 9.998749999999999583e-01
-5.306122448979593287e-01 -1.000000000000000000e+00 9.997500000000000275e-01
-4.489795918367347483e-01 -9.996249999999999858e-01 1.000000000000000000e+00
-3.673469387755103899e-01 -9.996249999999999858e-01 9.996249999999999858e-01
-2.857142857142858094e-01 -9.995000000000000551e-01 9.996249999999999858e-01
-2.040816326530614511e-01 -9.995000000000000551e-01 9.997500000000000275e-01
-1.224489795918368706e-01 -9.996249999999999858e-01 9.992499999999999716e-01
-4.081632653061229021e-02 -1.000000000000000000e+00 9.996249999999999858e-01
4.081632653061229021e-02 -9.969999999999999973e-01 9.996249999999999858e-01
1.224489795918364266e-01 -9.995000000000000551e-01 9.993750000000000133e-01
2.040816326530610070e-01 -9.991250000000000409e-01 9.993750000000000133e-01
2.857142857142855874e-01 -9.993750000000000133e-01 9.985000000000000542e-01
3.673469387755101678e-01 -9.977500000000000258e-01 9.983750000000000124e-01
4.489795918367343042e-01 -9.991250000000000409e-01 9.991250000000000409e-01
5.306122448979588846e-01 -9.977500000000000258e-01 9.979999999999999982e-01
6.122448979591834650e-01 -9.986249999999999849e-01 9.975000000000000533e-01
6.938775510204080454e-01 -9.958749999999999547e-01 9.968749999999999556e-01
7.755102040816326259e-01 -9.947500000000000231e-01 9.969999999999999973e-01
8.571428571428567622e-01 -3.012499999999999900e-02 9.923750000000000071e-01
9.387755102040813426e-01 1.000000000000000000e+00 -4.877500000000000169e-01
1.020408163265305923e+00 1.000000000000000000e+00 -9.998749999999999583e-01
1.102040816326530503e+00 9.998749999999999583e-01 -1.000000000000000000e+00
1.183673469387754640e+00 1.000000000000000000e+00 -9.997500000000000275e-01
1.265306122448979220e+00 1.000000000000000000e+00 -9.989999999999999991e-01
1.346938775510203801e+00 1.000000000000000000e+00 -9.998749999999999583e-01
1.428571428571428381e+00 1.000000000000000000e+00 -1.000000000000000000e+00
1.510204081632652962e+00 1.000000000000000000e+00 -1.000000000000000000e+00
1.591836734693877098e+00 1.000000000000000000e+00 -1.000000000000000000e+00
1.673469387755101678e+00 1.000000000000000000e+00 -1.000000000000000000e+00
1.755102040816326259e+00 1.000000000000000000e+00 -1.000000000000000000e+00
1.836734693877550839e+00 9.996249999999999858e-01 -1.000000000000000000e+00
1.918367346938775420e+00 1.000000000000000000e+00 -1.000000000000000000e+00
2.000000000000000000e+00 1.000000000000000000e+00 -1.000000000000000000e+00
