# H, M up, M down
-2.000000000000000000e+00 -9.925000000000000488e-01 9.942499999999999671e-01
-1.918367346938775420e+00 -9.932499999999999662e-01 9.926249999999999796e-01
-1.836734693877551061e+00 -9.935000000000000497e-01 9.929999999999999938e-01
-1.755102040816326481e+00 -9.928749999999999520e-01 9.918749999999999512e-01
-1.673469387755102122e+00 -9.945000000000000506e-01 9.937500000000000222e-01
-1.591836734693877542e+00 -9.908749999999999503e-01 9.911250000000000338e-01
-1.510204081632652962e+00 -9.895000000000000462e-01 9.918749999999999512e-01
-1.428571428571428603e+00 -9.915000000000000480e-01 9.893750000000000044e-01
-1.346938775510204245e+00 -9.905000000000000471e-01 9.902499999999999636e-01
-1.265306122448979664e+00 -9.876249999999999751e-01 9.883750000000000036e-01
-1.183673469387755084e+00 -9.853750000000000009e-01 9.887500000000000178e-01
-1.102040816326530726e+00 -9.832499999999999574e-01 9.883750000000000036e-01
-1.020408163265306145e+00 -9.856249999999999734e-01 9.855000000000000426e-01
-9.387755102040817867e-01 -9.831250000000000266e-01 9.858749999999999458e-01
-8.571428571428572063e-01 -9.752499999999999503e-01 9.813749999999999973e-01
-7.755102040816328479e-01 -9.717500000000000027e-01 9.805000000000000382e-01
-6.938775510204082675e-01 -9.787500000000000089e-01 9.761250000000000204e-01
-6.122448979591836871e-01 -9.669999999999999707e-01 9.701250000000000151e-01
-5.306122448979593287e-01 -9.748750000000000471e-01 9.703749999999999876e-01
-4.489795918367347483e-01 -9.631250000000000089e-01 9.731250000000000178e-01
-3.673469387755103899e-01 -9.653749999999999831e-01 9.609999999999999654e-01
-2.857142857142858094e-01 -9.486250000000000515e-01 9.397499999999999742e-01
-2.040816326530614511e-01 -9.333749999999999547e-01 8.345000000000000195e-01
-1.224489795918368706e-01 -9.427499999999999769e-01 9.438750000000000195e-01
-4.081632653061229021e-02 -3.206249999999999933e-01 9.348750000000000115e-01
4.081632653061229021e-02 9.046250000000000124e-01 8.250000000000000389e-02
1.224489795918364266e-01 8.982499999999999929e-01 -5.530000000000000471e-01
2.040816326530610070e-01 9.466250000000000497e-01 -9.362500000000000266e-01
2.857142857142855874e-01 9.571250000000000036e-01 -9.523749999999999716e-01
3.673469387755101678e-01 9.439999999999999503e-01 -9.579999999999999627e-01
4.489795918367343042e-01 9.370000000000000551e-01 -9.569999999999999618e-01
5.306122448979588846e-01 9.729999999999999760e-01 -9.769999999999999796e-01
6.122448979591834650e-01 9.702499999999999458e-01 -9.742499999999999494e-01
6.938775510204080454e-01 9.545000000000000151e-01 -9.713749999999999885e-01
7.755102040816326259e-01 9.783749999999999947e-01 -9.777500000000000080e-01
8.571428571428567622e-01 9.831250000000000266e-01 -9.838750000000000551e-01
9.387755102040813426e-01 9.808750000000000524e-01 -9.829999999999999849e-01
1.020408163265305923e+00 9.875000000000000444e-01 -9.863750000000000018e-01
1.102040816326530503e+00 9.848749999999999449e-01 -9.882499999999999618e-01
1.183673469387754640e+00 9.852499999999999591e-01 -9.835000000000000409e-01
1.265306122448979220e+00 9.906249999999999778e-01 -9.907500000000000195e-01
1.346938775510203801e+00 9.887500000000000178e-01 -9.876249999999999751e-01
1.428571428571428381e+00 9.898749999999999494e-01 -9.912499999999999645e-01
1.510204081632652962e+00 9.871250000000000302e-01 -9.899999999999999911e-01
1.591836734693877098e+00 9.952499999999999680e-01 -9.935000000000000497e-01
1.673469387755101678e+00 9.916249999999999787e-01 -9.951250000000000373e-01
1.755102040816326259e+00 9.923750000000000071e-01 -9.943750000000000089e-01
1.836734693877550839e+00 9.951250000000000373e-01 -9.943750000000000089e-01
1.918367346938775420e+00 9.937500000000000222e-01 -9.941250000000000364e-01
2.000000000000000000e+00 9.941250000000000364e-01 -9.951250000000000373e-01
