# T, M, E, X, C, U
1.000000000000000000e+00 -1.240593749999999995e-01 -1.545712500000000045e+00 5.910172475000003978e-01 3.657290400000192676e-01 -6.259975525322761314e+02
1.081632653061224580e+00 -2.313281249999999956e-01 -1.633146874999999998e+00 1.494225530660395485e-01 5.784228457725620193e-02 -1.236119321723764187e+03
1.163265306122448939e+00 -3.990976562499999880e-01 -1.635889062499999991e+00 1.357434286595426698e-01 1.357643191441957609e-01 -3.545418602472112525e+03
1.244897959183673519e+00 -4.413531250000000128e-01 -1.661532812499999956e+00 1.051762126639269324e-01 7.775295828389069963e-02 -4.311713729496742417e+03
1.326530612244897878e+00 -6.071984375000000211e-01 -1.716443750000000046e+00 5.856892306730183267e-02 1.065963815123966291e-01 -8.086416325288260850e+03
1.408163265306122458e+00 -8.322671874999999497e-01 -1.785170312500000023e+00 2.263863020923929104e-01 2.993102053821802278e-01 -1.525990976873016189e+04
1.489795918367347038e+00 -9.579460937499999496e-01 -1.899906249999999908e+00 3.537448398780011494e-01 7.676183754457244213e-01 -2.026156807500287323e+04
1.571428571428571397e+00 -9.817382812499999556e-01 -1.936692187500000051e+00 2.063005149149561845e-02 1.219236200361391576e-01 -2.106746666996387648e+04
1.653061224489795755e+00 -9.751187500000000341e-01 -1.913231249999999939e+00 4.347662018518703292e-02 2.750018194040566022e-01 -2.080128466450913402e+04
1.734693877551020336e+00 -9.689101562499999876e-01 -1.893143749999999903e+00 5.963119627758180219e-02 3.501682902989998181e-01 -2.055101499584275371e+04
1.816326530612244916e+00 -9.594171875000000460e-01 -1.857793749999999910e+00 5.486632920645166667e-02 3.196336660661660001e-01 -2.014946575879459851e+04
1.897959183673469274e+00 -9.351703125000000449e-01 -1.785889062499999902e+00 8.326934832660035091e-02 3.982572760318634497e-01 -1.917095664904127989e+04
1.979591836734693855e+00 -9.279492187500000266e-01 -1.762437500000000101e+00 1.163670576272415602e-01 4.705092383887580221e-01 -1.890621520144942770e+04
2.061224489795918213e+00 -9.038023437500000146e-01 -1.735914062500000021e+00 1.406168335999360974e-01 4.663632070247368810e-01 -1.796849334619711954e+04
2.142857142857142794e+00 -9.146828125000000531e-01 -1.737507812500000082e+00 9.586423904165902732e-02 3.565362465971910200e-01 -1.836248605517406759e+04
2.224489795918366930e+00 -7.149226562499999549e-01 -1.404914062500000060e+00 8.546756022806832886e-01 8.139294734752414717e-01 -1.198829220649716626e+04
2.306122448979591510e+00 -8.192546874999999673e-01 -1.525671875000000011e+00 1.447333898174812949e-01 4.249974839014369343e-01 -1.480348273259794223e+04
2.387755102040816091e+00 -7.174476562499999543e-01 -1.372881250000000053e+00 7.204329119110556290e-01 5.853677622024892058e-01 -1.192885235903968533e+04
2.469387755102040671e+00 -5.705953124999999515e-01 -1.203085937500000036e+00 7.056828239204590014e-01 6.942960039177203946e-01 -7.817526239472678753e+03
2.551020408163265252e+00 -4.257703125000000255e-01 -1.155489062500000053e+00 8.428477629949974181e-01 2.441982986892295149e-01 -4.851697684366372414e+03
2.632653061224489832e+00 -2.224171875000000020e-01 -1.015668749999999898e+00 7.328150821656979064e-01 3.981646805186040416e-01 -1.680758227008627273e+03
2.714285714285714413e+00 -6.345781250000000207e-02 -1.016617187500000075e+00 1.149904099243421074e+00 4.179156024497820421e-01 -5.884394404776151077e+02
2.795918367346938549e+00 4.767187500000000244e-02 -8.246953125000000551e-01 1.786950844434306740e+00 5.583975195793220436e-01 -9.027363729771096814e+02
2.877551020408163129e+00 -1.638515624999999920e-01 -8.929359374999999988e-01 2.045037099955675231e-01 2.404157010512232850e-01 -8.217371607045829478e+02
2.959183673469387710e+00 -4.124999999999999977e-04 -8.865421875000000229e-01 7.919256030000000335e-01 2.691962252268417788e-01 -3.640192460785764297e+02
3.040816326530612290e+00 -1.167187500000000039e-03 -6.699921875000000027e-01 1.230056617277684561e+00 2.458425368782657106e-01 -6.145802573921721432e+02
3.122448979591836427e+00 -1.487453125000000043e-01 -8.160609374999999721e-01 1.433832713884803933e+00 2.288481112435129805e-01 -1.670219132351931876e+03
3.204081632653061007e+00 5.662265625000000024e-02 -7.112109374999999734e-01 1.165284881647093984e+00 1.868514871134503708e-01 -1.183026239528152246e+03
3.285714285714285587e+00 1.757046875000000119e-01 -8.009874999999999634e-01 1.882453313315216314e-01 2.106254681285455177e-01 -9.335542948980285018e+02
3.367346938775510168e+00 -5.488359375000000095e-02 -7.274500000000000410e-01 2.019271764158143689e+00 2.379678379195583060e-01 -1.299424184448145297e+03
3.448979591836734304e+00 4.174843749999999909e-02 -6.597859375000000304e-01 5.431769671264792265e-01 1.688978804845546189e-01 -5.722973949765877251e+02
3.530612244897958885e+00 2.629609374999999916e-02 -6.723671875000000187e-01 1.470695776942738675e+00 1.957030186185425569e-01 -8.918944323114984627e+02
3.612244897959183465e+00 -2.313687500000000119e-01 -7.142640624999999632e-01 2.087583791525417509e-01 1.929295043920789265e-01 -1.480788486655162387e+03
3.693877551020408045e+00 5.272812500000000069e-02 -5.722406249999999472e-01 3.101386108977901013e-01 2.018515941753156462e-01 -4.292386979723117406e+02
3.775510204081632626e+00 5.006171874999999771e-02 -6.061765624999999602e-01 1.269924878539695934e+00 1.560272833855195496e-01 -1.023617989278078767e+03
3.857142857142856762e+00 -1.162398437500000020e-01 -5.676718750000000480e-01 1.043902490839120345e+00 1.397484663065830801e-01 -1.222583379620883989e+03
3.938775510204081343e+00 5.549296875000000323e-02 -5.498296875000000528e-01 2.467338446494494741e-01 1.329961737180688774e-01 -3.663901583443629875e+02
4.020408163265305923e+00 -7.320312500000000430e-04 -5.631765625000000330e-01 6.549549567885469825e-01 1.211776248568462028e-01 -5.402162830516965641e+02
4.102040816326530503e+00 -7.113984375000000082e-02 -5.524718749999999456e-01 4.418215620576803615e-01 1.799119141802810184e-01 -5.926595687846022429e+02
4.183673469387754196e+00 8.272968749999999594e-02 -5.438046874999999947e-01 2.518547998750000905e-01 1.142413502197354574e-01 -4.172917786930465809e+02
4.265306122448979664e+00 -1.032671874999999961e-01 -5.090906250000000188e-01 5.165132961453348104e-01 1.761706773722553909e-01 -7.457676494834215646e+02
4.346938775510203357e+00 6.885078125000000659e-02 -4.950125000000000219e-01 2.032662254922241452e-01 1.156400146236415127e-01 -4.861257451568992565e+02
4.428571428571428825e+00 -1.310156249999999906e-03 -4.867890624999999805e-01 3.690629218598790451e-01 1.188378419452394974e-01 -5.186493904138762900e+02
4.510204081632652517e+00 -1.625296874999999919e-01 -5.355890625000000460e-01 2.435044522369912701e-01 2.070708959771364877e-01 -9.913703337372402302e+02
4.591836734693877098e+00 1.000257812500000010e-01 -4.904203125000000107e-01 2.796021976659722186e-01 8.622438116591323032e-02 -6.352989890419609083e+02
4.673469387755101678e+00 -1.711328125000000089e-02 -4.373984375000000147e-01 2.574051636019377698e-01 1.004628611889432921e-01 -2.802537820016701176e+02
4.755102040816326259e+00 9.208984374999999722e-02 -4.692000000000000060e-01 6.006375565819473961e-01 1.264538825942640443e-01 -8.124043520067699546e+02
4.836734693877550839e+00 9.332734374999999971e-02 -4.798484375000000024e-01 2.615826401839398407e-01 1.099656148831092556e-01 -5.417206312177447671e+02
4.918367346938775420e+00 -1.597343749999999979e-02 -4.041250000000000120e-01 3.393555323625518372e-01 5.728967229386528609e-02 -4.317641430903449304e+02
5.000000000000000000e+00 6.457734375000000193e-02 -4.339687500000000142e-01 1.875543662187499905e-01 1.083728099999999028e-01 -3.987487982027257090e+02
